1553267366 76.81856536865234
1553267366 76.15274047851562
1553267366 75.50467681884766
1553267366 74.89852142333984
1553267366 74.2633285522461
1553267366 73.6369857788086
1553267366 73.00511932373047
1553267366 72.36711883544922
1553267366 71.71343994140625
1553267366 71.05768585205078
1553267366 70.39604187011719
1553267366 69.72460174560547
1553267366 69.04159545898438
1553267366 68.36661529541016
1553267366 67.66407775878906
1553267366 66.96098327636719
1553267366 66.24832916259766
1553267366 65.52223205566406
1553267366 64.79568481445312
1553267367 64.06016540527344
1553267367 63.31258773803711
1553267367 62.55547332763672
1553267367 61.77885437011719
1553267367 60.98356246948242
1553267367 60.179481506347656
1553267367 59.35603713989258
1553267367 58.531436920166016
1553267367 57.67395782470703
1553267367 56.812355041503906
1553267367 55.92867660522461
1553267367 55.0334358215332
1553267367 54.11235046386719
1553267367 53.18726348876953
1553267367 52.23898696899414
1553267367 51.27699279785156
1553267367 50.29883575439453
1553267367 49.2975959777832
1553267367 48.28550720214844
1553267367 47.230960845947266
1553267367 46.13378143310547
1553267367 45.007266998291016
1553267367 43.86249542236328
1553267367 42.70073318481445
1553267368 41.500579833984375
1553267368 40.29252624511719
1553267368 39.04856491088867
1553267368 37.78364944458008
1553267368 36.49369430541992
1553267368 35.18479919433594
1553267368 33.85086441040039
1553267368 32.49042892456055
1553267368 31.11641502380371
1553267368 29.71934700012207
1553267368 28.31026268005371
1553267368 26.88054084777832
1553267368 25.445974349975586
1553267368 24.00641441345215
1553267368 22.570383071899414
1553267368 21.150697708129883
1553267368 19.752761840820312
1553267368 18.395185470581055
1553267368 17.091829299926758
1553267368 15.857622146606445
1553267368 14.710479736328125
1553267368 13.674373626708984
1553267368 12.76745319366455
1553267368 12.005759239196777
1553267368 11.411873817443848
1553267369 11.001742362976074
1553267369 10.7863130569458
1553267369 10.773824691772461
1553267369 10.983755111694336
1553267369 11.395231246948242
1553267369 12.001588821411133
1553267369 12.788148880004883
1553267369 13.74181079864502
1553267369 14.842976570129395
1553267369 16.072710037231445
1553267369 17.418182373046875
1553267369 18.858627319335938
1553267369 20.379688262939453
1553267369 21.966947555541992
1553267369 23.602113723754883
1553267369 25.27899169921875
1553267369 26.980836868286133
1553267369 28.70513343811035
1553267369 30.43857765197754
1553267369 32.170291900634766
1553267369 33.901954650878906
1553267369 35.622066497802734
1553267369 37.32631301879883
1553267370 39.00720977783203
1553267370 40.658470153808594
1553267370 42.2895393371582
1553267370 43.882652282714844
1553267370 45.43241500854492
1553267370 46.94527053833008
1553267370 48.41910934448242
1553267370 49.84527587890625
1553267370 51.219364166259766
