1553275419 76.22467803955078
1553275419 74.00249481201172
1553275419 69.13896179199219
1553275419 60.48044204711914
1553275419 45.67251968383789
1553275419 20.733295440673828
1553275419 23.507522583007812
1553275419 57.353355407714844
1553275419 70.35487365722656
1553275419 55.70398712158203
1553275419 18.575109481811523
1553275419 32.977577209472656
1553275419 58.81539535522461
1553275419 71.86421966552734
1553275419 74.88500213623047
1553275419 69.69646453857422
1553275419 57.51148223876953
1553275419 38.35542297363281
1553275420 13.255986213684082
1553275420 28.13504409790039
1553275420 49.273231506347656
1553275420 44.40034866333008
1553275420 13.792525291442871
1553275420 44.4868278503418
1553275420 77.8529281616211
1553275420 83.40235137939453
1553275420 83.40235137939453
1553275420 83.40219116210938
1553275420 83.4019546508789
1553275420 83.40135192871094
1553275420 83.401123046875
1553275420 83.39872741699219
1553275420 83.39845275878906
1553275420 83.3912582397461
1553275420 83.38184356689453
1553275420 83.38080596923828
1553275420 83.38046264648438
1553275420 83.37660217285156
1553275420 83.2900390625
1553275420 83.28892517089844
1553275420 83.2861328125
1553275420 83.28240966796875
1553275420 83.27214050292969
1553275420 83.269287109375
1553275420 83.23101043701172
1553275420 83.22967529296875
1553275420 83.22625732421875
1553275421 83.21588134765625
1553275421 83.21172332763672
1553275421 83.2103271484375
1553275421 83.20406341552734
1553275421 83.19425201416016
1553275421 83.19065856933594
1553275421 83.15213775634766
1553275421 83.14842224121094
1553275421 83.13125610351562
1553275421 83.12616729736328
1553275421 83.0364990234375
1553275421 83.02314758300781
1553275421 83.01814270019531
1553275421 82.97982788085938
1553275421 82.96701049804688
1553275421 82.96304321289062
1553275421 82.96026611328125
1553275421 82.95369720458984
1553275421 82.9405746459961
1553275421 82.90095520019531
1553275421 82.89065551757812
1553275421 82.87750244140625
1553275421 82.78938293457031
1553275421 82.77362823486328
1553275421 82.76893615722656
1553275421 82.72989654541016
1553275421 82.71696472167969
1553275421 82.71173095703125
1553275422 82.70999145507812
1553275422 82.6941909790039
1553275422 82.68904876708984
1553275422 82.64814758300781
1553275422 82.63084411621094
1553275422 82.6257553100586
1553275422 82.53694915771484
1553275422 82.5227279663086
1553275422 82.51820373535156
1553275422 82.47744750976562
1553275422 82.46600341796875
1553275422 82.46150970458984
1553275422 82.45764923095703
1553275422 82.44408416748047
1553275422 82.43901062011719
1553275422 82.40040588378906
1553275422 82.38107299804688
1553275422 82.37726593017578
1553275422 82.29070281982422
1553275422 82.28358459472656
1553275422 82.2728500366211
1553275422 82.26858520507812
1553275422 82.23001861572266
1553275422 82.2264404296875
1553275422 82.21575164794922
