1553275437 85.29291534423828
1553275437 83.15155029296875
1553275437 79.01153564453125
1553275437 72.79620361328125
1553275437 63.80084228515625
1553275437 49.85964584350586
1553275437 26.005035400390625
1553275437 18.093387603759766
1553275437 53.72368621826172
1553275437 71.90150451660156
1553275437 63.53422546386719
1553275437 31.21209716796875
1553275437 16.68047332763672
1553275437 43.615779876708984
1553275437 58.86958694458008
1553275437 65.2667236328125
1553275437 65.16079711914062
1553275437 59.720542907714844
1553275437 48.90852355957031
1553275437 30.904205322265625
1553275437 10.854597091674805
1553275438 33.659446716308594
1553275438 50.98179626464844
1553275438 42.71012878417969
1553275438 13.185042381286621
1553275438 27.664154052734375
1553275438 43.25598907470703
1553275438 46.33512496948242
1553275438 36.318607330322266
1553275438 13.713276863098145
1553275438 28.09171485900879
1553275438 48.40034866333008
1553275438 45.03412628173828
1553275438 20.843515396118164
1553275438 18.262754440307617
1553275438 38.096736907958984
1553275438 46.827735900878906
1553275438 47.13237762451172
1553275438 40.474002838134766
1553275438 26.191335678100586
1553275438 10.84587287902832
1553275439 28.1036376953125
1553275439 39.628326416015625
1553275439 29.244991302490234
1553275439 10.989738464355469
1553275439 30.512121200561523
1553275439 37.68592071533203
1553275439 33.478328704833984
1553275439 17.194686889648438
1553275439 18.161836624145508
1553275439 36.271114349365234
1553275439 35.12581253051758
1553275439 15.931551933288574
1553275439 19.69635772705078
1553275439 35.49662399291992
1553275439 38.75498962402344
1553275439 30.481212615966797
1553275439 13.296414375305176
1553275439 20.817447662353516
1553275439 35.24555587768555
1553275439 31.150541305541992
1553275439 13.537102699279785
1553275439 19.431732177734375
1553275440 34.48955535888672
1553275440 40.78813934326172
1553275440 38.62074661254883
1553275440 26.74739646911621
1553275440 10.840131759643555
1553275440 28.83407211303711
1553275440 41.75968933105469
1553275440 33.49269104003906
1553275440 12.212685585021973
1553275440 24.838409423828125
1553275440 40.1330451965332
1553275440 43.98833465576172
1553275440 37.794761657714844
1553275440 21.398834228515625
1553275440 13.438261032104492
1553275440 32.47283935546875
1553275440 37.49946975708008
1553275441 23.437976837158203
1553275441 11.686434745788574
1553275441 28.177112579345703
1553275441 38.907169342041016
1553275441 40.58721923828125
1553275441 32.763248443603516
1553275441 14.884251594543457
1553275441 21.373289108276367
1553275441 40.558258056640625
1553275441 39.9614143371582
1553275441 19.990419387817383
1553275441 16.316368103027344
1553275441 34.27876663208008
1553275441 41.50743865966797
1553275441 38.93476486206055
1553275441 26.826337814331055
1553275441 10.936359405517578
1553275442 25.86593246459961
1553275442 38.04095458984375
1553275442 30.71727752685547
