1553275010 83.708984375
1553275010 83.17030334472656
1553275011 81.56353759765625
1553275011 78.4166488647461
1553275011 72.29669952392578
1553275011 58.76242446899414
1553275011 24.800134658813477
1553275011 62.751136779785156
1553275011 202.72470092773438
1553275011 333.77374267578125
1553275011 339.6299743652344
1553275011 109.700439453125
1553275011 62.89433670043945
1553275011 14.072028160095215
1553275011 60.97575759887695
1553275011 83.21587371826172
1553275011 83.2156753540039
1553275011 83.21332550048828
1553275011 83.21324157714844
1553275011 83.21324157714844
1553275011 83.21309661865234
1553275011 83.21309661865234
1553275011 83.21309661865234
1553275011 83.21308135986328
1553275011 83.21308135986328
1553275011 83.21308135986328
1553275012 83.21308135986328
1553275012 83.21308135986328
1553275012 83.21308135986328
1553275012 83.21308135986328
1553275012 83.21308135986328
1553275012 83.21308135986328
1553275012 83.21308135986328
1553275012 83.21308135986328
1553275012 83.21308135986328
1553275012 83.21308135986328
1553275012 83.21308135986328
1553275012 83.21308135986328
1553275012 83.21308135986328
1553275012 83.21308135986328
1553275012 83.21308135986328
1553275012 83.21308135986328
1553275012 83.21308135986328
1553275012 83.21308135986328
1553275012 83.21308135986328
1553275012 83.21308135986328
1553275012 83.21308135986328
1553275012 83.21308135986328
1553275012 83.21308135986328
1553275012 83.21308135986328
1553275012 83.21308135986328
1553275013 83.21308135986328
1553275013 83.21308135986328
1553275013 83.21308135986328
1553275013 83.21308135986328
1553275013 83.21308135986328
1553275013 83.21308135986328
1553275013 83.21308135986328
1553275013 83.21308135986328
1553275013 83.21308135986328
1553275013 83.21308135986328
1553275013 83.21308135986328
1553275013 83.21308135986328
1553275013 83.21308135986328
1553275013 83.21308135986328
1553275013 83.21308135986328
1553275013 83.21308135986328
1553275013 83.21308135986328
1553275013 83.21308135986328
1553275013 83.21308135986328
1553275013 83.21308135986328
1553275013 83.21308135986328
1553275013 83.21308135986328
1553275013 83.21308135986328
1553275013 83.21308135986328
1553275014 83.21308135986328
1553275014 83.21308135986328
1553275014 83.21308135986328
1553275014 83.21308135986328
1553275014 83.21308135986328
1553275014 83.21308135986328
1553275014 83.21308135986328
1553275014 83.21308135986328
1553275014 83.21308135986328
1553275014 83.21308135986328
1553275014 83.21308135986328
1553275014 83.21308135986328
1553275014 83.21308135986328
1553275014 83.21308135986328
1553275014 83.21308135986328
1553275014 83.21308135986328
1553275014 83.21308135986328
1553275014 83.21308135986328
1553275014 83.21308135986328
1553275014 83.21308135986328
1553275014 83.21308135986328
1553275014 83.21308135986328
1553275014 83.21308135986328
1553275014 83.21308135986328
1553275014 83.21308135986328
