1553274497 79.1888198852539
1553274497 79.07589721679688
1553274497 78.9648208618164
1553274497 78.86304473876953
1553274497 78.7411880493164
1553274497 78.63630676269531
1553274497 78.5130615234375
1553274497 78.40567779541016
1553274497 78.28244018554688
1553274498 78.17378997802734
1553274498 78.03579711914062
1553274498 77.92765808105469
1553274498 77.80052947998047
1553274498 77.70490264892578
1553274498 77.61328887939453
1553274498 77.4986801147461
1553274498 77.4000473022461
1553274498 77.27839660644531
1553274498 77.17691802978516
1553274498 77.05786895751953
1553274498 76.9520492553711
1553274498 76.84496307373047
1553274498 76.71437072753906
1553274498 76.6110610961914
1553274498 76.46756744384766
1553274498 76.3615493774414
1553274499 76.22512817382812
1553274499 76.10610961914062
1553274499 75.962890625
1553274499 75.81908416748047
1553274499 75.69155883789062
1553274499 75.54317474365234
1553274499 75.42379760742188
1553274499 75.26322174072266
1553274499 75.13648223876953
1553274499 74.9830093383789
1553274499 74.82439422607422
1553274499 74.68537139892578
1553274499 74.5171890258789
1553274499 74.3783950805664
1553274499 74.21009063720703
1553274499 74.04563903808594
1553274499 73.89399719238281
1553274499 73.72525787353516
1553274499 73.55242156982422
1553274499 73.38825988769531
1553274499 73.22200012207031
1553274499 73.04627227783203
1553274499 72.85186004638672
1553274499 72.69712829589844
1553274500 72.51094818115234
1553274500 72.31714630126953
1553274500 72.14434051513672
1553274500 71.95372772216797
1553274500 71.76329040527344
1553274500 71.56702423095703
1553274500 71.38310241699219
1553274500 71.18181610107422
1553274500 70.98135375976562
1553274500 70.78094482421875
1553274500 70.57330322265625
1553274500 70.38105773925781
1553274500 70.16593933105469
1553274500 69.959228515625
1553274500 69.73878479003906
1553274500 69.52090454101562
1553274500 69.3064956665039
1553274500 69.0969467163086
1553274500 68.87525177001953
1553274500 68.65074157714844
1553274500 68.42529296875
1553274500 68.19392395019531
1553274501 67.96112823486328
1553274501 67.72322082519531
1553274501 67.4986801147461
1553274501 67.2508544921875
1553274501 67.00701904296875
1553274501 66.76457214355469
1553274501 66.52230072021484
1553274501 66.27732849121094
1553274501 66.02909088134766
1553274501 65.78030395507812
1553274501 65.5252685546875
1553274501 65.25969696044922
1553274501 65.0007095336914
1553274501 64.74275970458984
1553274501 64.48393249511719
1553274501 64.22036743164062
1553274501 63.948951721191406
1553274501 63.68149185180664
1553274501 63.409637451171875
1553274501 63.128173828125
1553274501 62.85504913330078
1553274502 62.57103729248047
1553274502 62.284820556640625
1553274502 61.9956169128418
1553274502 61.713069915771484
1553274502 61.42140579223633
1553274502 61.13184356689453
1553274502 60.83655548095703
