1553274603 86.5689468383789
1553274603 85.23348999023438
1553274603 82.54344177246094
1553274603 78.6176528930664
1553274603 73.1926040649414
1553274603 65.06519317626953
1553274603 51.42961120605469
1553274603 26.751697540283203
1553274603 20.350757598876953
1553274603 61.03213119506836
1553274603 78.81046295166016
1553274603 60.55257034301758
1553274603 12.253899574279785
1553274603 44.99958801269531
1553274603 66.62125396728516
1553274603 72.35626983642578
1553274604 71.53022003173828
1553274604 67.84345245361328
1553274604 60.126888275146484
1553274604 45.794342041015625
1553274604 20.429651260375977
1553274604 25.86040687561035
1553274604 64.06018829345703
1553274604 79.4428482055664
1553274604 64.12438201904297
1553274604 23.550804138183594
1553274604 30.270809173583984
1553274604 63.104400634765625
1553274604 80.707275390625
1553274604 87.93830108642578
1553274604 88.349365234375
1553274604 85.01586151123047
1553274604 80.761474609375
1553274604 77.73141479492188
1553274604 76.802734375
1553274604 77.23982238769531
1553274604 76.38086700439453
1553274604 69.69173431396484
1553274604 50.60468673706055
1553274604 13.173894882202148
1553274605 56.06953048706055
1553274605 106.4478988647461
1553274605 119.05797576904297
1553274605 85.43094635009766
1553274605 14.686200141906738
1553274605 79.5621337890625
1553274605 83.40135955810547
1553274605 83.3910903930664
1553274605 83.37809753417969
1553274605 83.2889633178711
1553274605 83.27323913574219
1553274605 83.2679214477539
1553274605 83.2271499633789
1553274605 83.21333312988281
1553274605 83.2101058959961
1553274605 83.19345092773438
1553274605 83.15119171142578
1553274605 83.13062286376953
1553274605 83.03919982910156
1553274605 83.02230834960938
1553274605 82.97972869873047
1553274605 82.96324920654297
1553274605 82.95404052734375
1553274605 82.93887329101562
1553274605 82.88098907470703
1553274605 82.78680419921875
1553274606 82.7682876586914
1553274606 82.716796875
1553274606 82.7076187133789
1553274606 82.68878936767578
1553274606 82.62997436523438
1553274606 82.53309631347656
1553274606 82.4798583984375
1553274606 82.46138763427734
1553274606 82.44041442871094
1553274606 82.3800277709961
1553274606 82.28333282470703
1553274606 82.22734832763672
1553274606 82.21009063720703
1553274606 82.15128326416016
1553274606 82.12519073486328
1553274606 82.01880645751953
1553274606 81.96304321289062
1553274606 81.94043731689453
1553274606 81.87689208984375
1553274606 81.77055358886719
1553274606 81.71326446533203
1553274606 81.69023132324219
1553274606 81.6251220703125
1553274606 81.51896667480469
1553274606 81.46135711669922
1553274606 81.39988708496094
1553274607 81.29052734375
1553274607 81.22686004638672
1553274607 81.19403076171875
1553274607 81.12877655029297
1553274607 81.01951599121094
1553274607 80.96088409423828
1553274607 80.89652252197266
1553274607 80.77490997314453
