1553275403 84.46566009521484
1553275403 84.46556091308594
1553275403 84.4632339477539
1553275403 84.46176147460938
1553275403 84.46142578125
1553275403 84.46036529541016
1553275403 84.45769500732422
1553275404 84.44481658935547
1553275404 84.44349670410156
1553275404 84.43934631347656
1553275404 84.3995132446289
1553275404 84.38252258300781
1553275404 84.37740325927734
1553275404 84.28773498535156
1553275404 84.27149200439453
1553275404 84.23079681396484
1553275404 84.22605895996094
1553275404 84.21167755126953
1553275404 84.2041244506836
1553275404 84.18951416015625
1553275404 84.1415786743164
1553275404 84.03936004638672
1553275404 84.0224838256836
1553275404 83.97979736328125
1553275404 83.96326446533203
1553275404 83.95405578613281
1553275404 83.9025650024414
1553275404 83.87858581542969
1553275404 83.7820816040039
1553275404 83.72990417480469
1553275404 83.7117691040039
1553275404 83.69416809082031
1553275404 83.64151763916016
1553275404 83.53874969482422
1553275404 83.51760864257812
1553275404 83.46560668945312
1553275404 83.4445571899414
1553275404 83.3913345336914
1553275404 83.28873443603516
1553275404 83.23098754882812
1553275404 83.2116928100586
1553275404 83.19084930419922
1553275404 83.13062286376953
1553275405 83.0234375
1553275405 82.97653198242188
1553275405 82.95767211914062
1553275405 82.90093994140625
1553275405 82.79042053222656
1553275405 82.76810455322266
1553275405 82.71304321289062
1553275405 82.69049072265625
1553275405 82.53901672363281
1553275405 82.45726776123047
1553275405 82.22183990478516
1553275405 81.8724365234375
1553275405 81.20397186279297
1553275405 80.06617736816406
1553275405 78.11495208740234
1553275405 74.67334747314453
1553275405 68.64337921142578
1553275405 57.98396301269531
1553275405 39.12242126464844
1553275405 11.507988929748535
1553275405 41.24603271484375
1553275405 75.8790283203125
1553275405 85.94966125488281
1553275405 67.75236511230469
1553275405 28.085594177246094
1553275405 20.59808349609375
1553275405 48.26020812988281
1553275405 64.12385559082031
1553275405 72.79448699951172
1553275405 77.30763244628906
1553275405 79.50144958496094
1553275405 80.4770736694336
1553275405 80.96039581298828
1553275405 81.37090301513672
1553275405 81.78347778320312
1553275405 82.25906372070312
1553275406 82.55072784423828
1553275406 82.38688659667969
1553275406 81.44927215576172
1553275406 81.38004302978516
1553275406 81.37493896484375
1553275406 81.29080200195312
1553275406 81.28437042236328
1553275406 81.27359008789062
1553275406 81.26993560791016
1553275406 81.23145294189453
1553275406 81.23020935058594
1553275406 81.22747039794922
1553275406 81.22657012939453
1553275406 81.21688842773438
1553275406 81.2160415649414
1553275406 81.2159652709961
1553275406 81.2157974243164
1553275406 81.2157974243164
1553275406 81.2159652709961
1553275406 81.21604919433594
1553275406 81.217041015625
