1553274452 83.2127914428711
1553274452 83.16156005859375
1553274452 83.09527587890625
1553274452 83.0112533569336
1553274452 82.95189666748047
1553274452 82.89375305175781
1553274452 82.81559753417969
1553274452 82.74739074707031
1553274452 82.68916320800781
1553274452 82.62480926513672
1553274452 82.54454803466797
1553274452 82.47322845458984
1553274452 82.40824890136719
1553274452 82.32738494873047
1553274452 82.25651550292969
1553274452 82.18595123291016
1553274453 82.11450958251953
1553274453 82.03025817871094
1553274453 81.95641326904297
1553274453 81.88213348388672
1553274453 81.79936218261719
1553274453 81.72343444824219
1553274453 81.64568328857422
1553274453 81.55709075927734
1553274453 81.48162078857422
1553274453 81.40350341796875
1553274453 81.30963897705078
1553274453 81.2291030883789
1553274453 81.146240234375
1553274453 81.05860900878906
1553274453 80.97889709472656
1553274453 80.89535522460938
1553274453 80.7967529296875
1553274453 80.7191162109375
1553274453 80.63539123535156
1553274453 80.53313446044922
1553274453 80.45577239990234
1553274453 80.3622055053711
1553274453 80.26734161376953
1553274453 80.18119049072266
1553274454 80.09479522705078
1553274454 79.99334716796875
1553274454 79.9169692993164
1553274454 79.80377197265625
1553274454 79.7149658203125
1553274454 79.6355209350586
1553274454 79.524658203125
1553274454 79.43765258789062
1553274454 79.35457611083984
1553274454 79.24606323242188
1553274454 79.15377044677734
1553274454 79.0462417602539
1553274454 78.96302795410156
1553274454 78.86585998535156
1553274454 78.76276397705078
1553274454 78.67266082763672
1553274454 78.54875946044922
1553274454 78.47238159179688
1553274454 78.3779067993164
1553274454 78.26909637451172
1553274454 78.17627716064453
1553274454 78.07337951660156
1553274454 77.97701263427734
1553274454 77.88473510742188
1553274454 77.76529693603516
1553274455 77.67631530761719
1553274455 77.5670394897461
1553274455 77.47246551513672
1553274455 77.37583923339844
1553274455 77.26481628417969
1553274455 77.17427825927734
1553274455 77.0583724975586
1553274455 76.96351623535156
1553274455 76.87071990966797
1553274455 76.76424407958984
1553274455 76.66273498535156
1553274455 76.54714965820312
1553274455 76.4504623413086
1553274455 76.35823822021484
1553274455 76.24465942382812
1553274455 76.1444320678711
1553274455 76.025634765625
1553274455 75.93409729003906
1553274455 75.8193588256836
1553274455 75.72004699707031
1553274455 75.62434387207031
1553274455 75.5072250366211
1553274455 75.40917205810547
1553274455 75.29025268554688
1553274456 75.1995620727539
1553274456 75.09540557861328
1553274456 74.98152160644531
1553274456 74.88065338134766
1553274456 74.76346588134766
1553274456 74.66937255859375
1553274456 74.5488052368164
1553274456 74.45103454589844
1553274456 74.35115051269531
1553274456 74.23242950439453
1553274456 74.13237762451172
1553274456 74.01769256591797
1553274456 73.91605377197266
1553274456 73.80006408691406
1553274456 73.69561004638672
1553274456 73.59615325927734
1553274456 73.48529815673828
1553274456 73.37332153320312
1553274456 73.27021789550781
1553274456 73.15872955322266
1553274456 73.0411148071289
1553274456 72.93814849853516
1553274456 72.81303405761719
1553274457 72.72063446044922
1553274457 72.60394287109375
1553274457 72.4960708618164
1553274457 72.38829803466797
1553274457 72.27259063720703
1553274457 72.16767120361328
1553274457 72.04627227783203
1553274457 71.943359375
1553274457 71.8243408203125
1553274457 71.71453094482422
1553274457 71.61415100097656
1553274457 71.49207305908203
1553274457 71.38736724853516
1553274457 71.26658630371094
1553274457 71.1611328125
1553274457 71.03897094726562
1553274457 70.92430877685547
1553274457 70.81607055664062
1553274457 70.69865417480469
1553274457 70.60165405273438
1553274457 70.47312927246094
1553274457 70.36650848388672
1553274458 70.24020385742188
1553274458 70.1333236694336
1553274458 70.00806427001953
1553274458 69.90428161621094
1553274458 69.77791595458984
1553274458 69.67593383789062
1553274458 69.54959106445312
1553274458 69.4406509399414
1553274458 69.31958770751953
1553274458 69.20397186279297
1553274458 69.07536315917969
1553274458 68.96033477783203
1553274458 68.85205841064453
1553274458 68.7282485961914
1553274458 68.61457824707031
1553274458 68.48680877685547
1553274458 68.37560272216797
1553274458 68.2489013671875
1553274458 68.1369400024414
1553274458 68.00818634033203
1553274458 67.8905029296875
1553274459 67.7643051147461
1553274459 67.64472961425781
1553274459 67.52450561523438
1553274459 67.40125274658203
1553274459 67.27625274658203
1553274459 67.15465545654297
1553274459 67.02507019042969
1553274459 66.90502166748047
1553274459 66.77449035644531
1553274459 66.66262817382812
1553274459 66.52719116210938
1553274459 66.4026870727539
1553274459 66.27496337890625
1553274459 66.14761352539062
1553274459 66.02481079101562
1553274459 65.88880157470703
1553274459 65.76199340820312
1553274459 65.63597869873047
1553274459 65.50240325927734
1553274459 65.37771606445312
1553274459 65.24364471435547
1553274459 65.11763763427734
1553274459 64.98197174072266
1553274460 64.85710906982422
1553274460 64.72169494628906
1553274460 64.5883560180664
1553274460 64.45690155029297
1553274460 64.3179931640625
1553274460 64.19102478027344
1553274460 64.05370330810547
1553274460 63.9244499206543
1553274460 63.782100677490234
1553274460 63.65253829956055
1553274460 63.512413024902344
1553274460 63.37689208984375
1553274460 63.233436584472656
1553274460 63.107017517089844
1553274460 62.96515655517578
1553274460 62.82598114013672
1553274460 62.67911911010742
1553274460 62.55274200439453
1553274460 62.411808013916016
1553274460 62.26564407348633
1553274460 62.138973236083984
1553274460 61.98588180541992
1553274460 61.84868240356445
1553274461 61.70294189453125
1553274461 61.56881332397461
1553274461 61.424381256103516
1553274461 61.283355712890625
1553274461 61.134544372558594
1553274461 60.99713897705078
1553274461 60.850006103515625
1553274461 60.70750045776367
1553274461 60.5628547668457
1553274461 60.41996383666992
1553274461 60.27568054199219
1553274461 60.12588119506836
1553274461 59.97904968261719
1553274461 59.83392333984375
1553274461 59.69093704223633
1553274461 59.54433822631836
1553274461 59.3882942199707
1553274461 59.23691940307617
1553274461 59.09613800048828
1553274461 58.948543548583984
1553274461 58.8013801574707
1553274461 58.655006408691406
1553274461 58.493167877197266
1553274461 58.3452262878418
1553274462 58.19753646850586
1553274462 58.050201416015625
1553274462 57.89604949951172
1553274462 57.739036560058594
1553274462 57.59000778198242
1553274462 57.44133758544922
1553274462 57.28913879394531
1553274462 57.127723693847656
1553274462 56.97481918334961
1553274462 56.82478713989258
1553274462 56.670387268066406
1553274462 56.508644104003906
1553274462 56.35858917236328
1553274462 56.20453643798828
1553274462 56.04807662963867
1553274462 55.884456634521484
1553274462 55.73550033569336
1553274462 55.57808303833008
1553274462 55.420318603515625
1553274462 55.25916290283203
1553274462 55.099857330322266
1553274462 54.94556427001953
1553274463 54.78785705566406
1553274463 54.61985778808594
1553274463 54.46467590332031
1553274463 54.309486389160156
1553274463 54.13905715942383
1553274463 53.981563568115234
1553274463 53.81708908081055
1553274463 53.66130447387695
1553274463 53.49235534667969
1553274463 53.33665466308594
1553274463 53.17134475708008
1553274463 53.00216293334961
1553274463 52.84431076049805
1553274463 52.681114196777344
1553274463 52.51341247558594
1553274463 52.34783172607422
1553274463 52.18461990356445
1553274463 52.01639175415039
1553274463 51.86060333251953
1553274463 51.6684455871582
1553274463 51.510433197021484
1553274463 51.355003356933594
1553274464 51.1866455078125
1553274464 51.01165771484375
1553274464 50.85037612915039
1553274464 50.68227005004883
1553274464 50.507049560546875
1553274464 50.342254638671875
1553274464 50.17396545410156
1553274464 49.99871063232422
1553274464 49.826412200927734
1553274464 49.66096496582031
1553274464 49.483158111572266
1553274464 49.31565856933594
1553274464 49.141387939453125
1553274464 48.97920608520508
1553274464 48.79716110229492
1553274464 48.623756408691406
1553274464 48.45138931274414
1553274464 48.27813720703125
1553274465 48.09682846069336
1553274465 47.9276008605957
1553274465 47.74721908569336
1553274465 47.5748405456543
1553274465 47.402000427246094
1553274465 47.22111892700195
1553274465 47.044921875
1553274465 46.865394592285156
1553274465 46.688507080078125
1553274465 46.51000213623047
1553274465 46.33026123046875
1553274465 46.15501022338867
1553274465 45.97043991088867
1553274465 45.79709243774414
1553274465 45.60846710205078
1553274465 45.43522262573242
1553274465 45.24589920043945
1553274465 45.073631286621094
1553274465 44.88351821899414
1553274465 44.70781707763672
1553274465 44.52968978881836
1553274465 44.34003829956055
1553274466 44.1614990234375
1553274466 43.969661712646484
1553274466 43.7908821105957
1553274466 43.59927749633789
1553274466 43.42485427856445
1553274466 43.23363494873047
1553274466 43.05357360839844
1553274466 42.858154296875
1553274466 42.67864990234375
1553274466 42.486167907714844
1553274466 42.303524017333984
1553274466 42.11036682128906
1553274466 41.928279876708984
1553274466 41.73521041870117
1553274466 41.550132751464844
1553274466 41.36079406738281
1553274466 41.16619110107422
1553274466 40.98028564453125
1553274466 40.7890510559082
1553274466 40.59646987915039
1553274467 40.41009521484375
1553274467 40.215179443359375
1553274467 40.01927947998047
1553274467 39.82636642456055
1553274467 39.63356399536133
1553274467 39.444068908691406
1553274467 39.24809646606445
1553274467 39.055816650390625
1553274467 38.85974884033203
1553274467 38.67162322998047
1553274467 38.473506927490234
1553274467 38.273193359375
1553274467 38.08137130737305
1553274467 37.880313873291016
1553274468 37.69093704223633
1553274468 37.488929748535156
1553274468 37.2976188659668
1553274468 37.09471893310547
1553274468 36.89106750488281
1553274468 36.69977569580078
1553274468 36.49618148803711
1553274468 36.30500793457031
1553274468 36.099910736083984
1553274468 35.898624420166016
1553274468 35.69922637939453
1553274468 35.49732971191406
1553274468 35.30192947387695
1553274468 35.09852981567383
1553274468 34.89129638671875
1553274468 34.696144104003906
1553274468 34.486236572265625
1553274468 34.28468704223633
1553274468 34.08512878417969
1553274468 33.87833023071289
1553274469 33.67959976196289
1553274469 33.47370147705078
1553274469 33.26530456542969
1553274469 33.06489944458008
1553274469 32.85857391357422
1553274469 32.64902114868164
1553274469 32.4474983215332
1553274469 32.239532470703125
1553274469 32.0308952331543
1553274469 31.82851219177246
1553274469 31.619646072387695
1553274469 31.411056518554688
1553274469 31.20490074157715
1553274469 30.998653411865234
1553274469 30.78753089904785
1553274469 30.57929039001465
1553274469 30.37603187561035
1553274469 30.156902313232422
1553274469 29.95632553100586
1553274469 29.745147705078125
1553274469 29.534961700439453
1553274469 29.325380325317383
1553274469 29.117511749267578
1553274469 28.907712936401367
1553274470 28.695068359375
1553274470 28.488603591918945
1553274470 28.275644302368164
1553274470 28.06763458251953
1553274470 27.853866577148438
1553274470 27.643268585205078
1553274470 27.432409286499023
1553274470 27.220190048217773
1553274470 27.009994506835938
1553274470 26.799665451049805
1553274470 26.586097717285156
1553274470 26.375972747802734
1553274470 26.163936614990234
1553274470 25.951913833618164
1553274470 25.740129470825195
1553274470 25.5306396484375
1553274470 25.316699981689453
1553274470 25.111793518066406
1553274470 24.891803741455078
1553274470 24.68291473388672
1553274470 24.473939895629883
1553274470 24.261930465698242
1553274470 24.054994583129883
1553274470 23.841020584106445
1553274471 23.63138198852539
1553274471 23.422927856445312
1553274471 23.212053298950195
1553274471 23.00567054748535
1553274471 22.791015625
1553274471 22.579809188842773
1553274471 22.371089935302734
1553274471 22.15850830078125
1553274471 21.949459075927734
1553274471 21.735363006591797
1553274471 21.529523849487305
1553274471 21.319229125976562
1553274471 21.110183715820312
1553274471 20.901935577392578
1553274471 20.698150634765625
1553274471 20.490964889526367
1553274471 20.283496856689453
1553274471 20.08332633972168
1553274471 19.877178192138672
1553274471 19.67599105834961
1553274471 19.471399307250977
1553274471 19.271751403808594
1553274471 19.071083068847656
1553274471 18.8723087310791
1553274472 18.677431106567383
1553274472 18.48138999938965
1553274472 18.285791397094727
1553274472 18.093290328979492
1553274472 17.898529052734375
1553274472 17.709293365478516
1553274472 17.521774291992188
1553274472 17.333538055419922
1553274472 17.14612579345703
1553274472 16.96177101135254
1553274472 16.780025482177734
1553274472 16.596435546875
1553274472 16.416589736938477
1553274472 16.239477157592773
1553274472 16.064926147460938
1553274472 15.889493942260742
1553274472 15.718852996826172
1553274472 15.549542427062988
1553274472 15.381120681762695
1553274472 15.21516227722168
1553274472 15.051895141601562
1553274472 14.891303062438965
1553274472 14.73091983795166
1553274473 14.574402809143066
1553274473 14.420804977416992
1553274473 14.268720626831055
1553274473 14.121713638305664
1553274473 13.975826263427734
1553274473 13.831298828125
1553274473 13.69029712677002
1553274473 13.55272388458252
1553274473 13.417222023010254
1553274473 13.284793853759766
1553274473 13.155461311340332
1553274473 13.029281616210938
1553274473 12.905064582824707
1553274473 12.784341812133789
1553274473 12.668416023254395
1553274473 12.55281925201416
1553274473 12.440725326538086
1553274473 12.333571434020996
1553274473 12.228704452514648
1553274473 12.126708030700684
1553274473 12.02792739868164
1553274473 11.933473587036133
1553274473 11.8421630859375
1553274474 11.754548072814941
1553274474 11.670257568359375
1553274474 11.590059280395508
1553274474 11.51304817199707
1553274474 11.439619064331055
1553274474 11.36982250213623
1553274474 11.302607536315918
1553274474 11.240537643432617
1553274474 11.181468963623047
1553274474 11.126204490661621
1553274474 11.07479476928711
1553274474 11.027482986450195
1553274474 10.983453750610352
1553274474 10.942546844482422
1553274474 10.906972885131836
1553274474 10.874654769897461
1553274474 10.845916748046875
1553274474 10.821516990661621
1553274474 10.800882339477539
1553274474 10.782559394836426
1553274474 10.769331932067871
1553274474 10.759909629821777
1553274474 10.753690719604492
1553274474 10.751249313354492
1553274475 10.75168228149414
1553274475 10.75748348236084
1553274475 10.766655921936035
1553274475 10.780091285705566
1553274475 10.797599792480469
1553274475 10.81943416595459
1553274475 10.845290184020996
1553274475 10.87466812133789
1553274475 10.908823013305664
1553274475 10.945114135742188
1553274475 10.98658561706543
1553274475 11.029508590698242
1553274475 11.0767183303833
1553274475 11.126630783081055
1553274475 11.180314064025879
1553274475 11.236678123474121
1553274475 11.296951293945312
1553274475 11.361701965332031
1553274475 11.42757511138916
1553274475 11.497570037841797
1553274475 11.570483207702637
1553274475 11.647319793701172
1553274475 11.726131439208984
1553274475 11.80826473236084
1553274476 11.893411636352539
1553274476 11.980138778686523
1553274476 12.071017265319824
1553274476 12.164297103881836
1553274476 12.260083198547363
1553274476 12.35867691040039
1553274476 12.45932388305664
1553274476 12.562512397766113
1553274476 12.670126914978027
1553274476 12.77763557434082
1553274476 12.888811111450195
1553274476 13.001116752624512
1553274476 13.117021560668945
1553274476 13.235608100891113
1553274476 13.354604721069336
1553274476 13.477156639099121
1553274476 13.601478576660156
1553274476 13.72690200805664
1553274476 13.855195045471191
1553274476 13.984025001525879
1553274476 14.116849899291992
1553274476 14.250614166259766
1553274476 14.385851860046387
1553274477 14.5233793258667
1553274477 14.660768508911133
1553274477 14.802088737487793
1553274477 14.941885948181152
1553274477 15.086918830871582
1553274477 15.230341911315918
1553274477 15.377965927124023
1553274477 15.524809837341309
1553274477 15.673259735107422
1553274477 15.822976112365723
1553274477 15.973803520202637
1553274477 16.125930786132812
1553274477 16.28089141845703
1553274477 16.43673324584961
1553274477 16.59074592590332
1553274477 16.74827003479004
1553274477 16.905847549438477
1553274477 17.064151763916016
1553274477 17.224668502807617
1553274477 17.385482788085938
1553274477 17.547582626342773
1553274477 17.708009719848633
1553274478 17.87329864501953
1553274478 18.035167694091797
1553274478 18.200572967529297
1553274478 18.36827850341797
1553274478 18.532737731933594
1553274478 18.70050048828125
1553274478 18.867116928100586
1553274478 19.03176498413086
1553274478 19.201696395874023
1553274478 19.36667251586914
1553274478 19.542253494262695
1553274478 19.704896926879883
1553274478 19.878332138061523
1553274478 20.04593849182129
1553274478 20.219144821166992
1553274478 20.388195037841797
1553274478 20.556806564331055
1553274478 20.729976654052734
1553274478 20.899946212768555
1553274478 21.07037925720215
1553274478 21.245107650756836
1553274479 21.414836883544922
1553274479 21.58604621887207
1553274479 21.76016616821289
1553274479 21.93045997619629
1553274479 22.101865768432617
1553274479 22.27109146118164
1553274479 22.44771385192871
1553274479 22.618677139282227
1553274479 22.789762496948242
1553274479 22.96000862121582
1553274479 23.132171630859375
1553274479 23.30282211303711
1553274479 23.475624084472656
1553274479 23.644460678100586
1553274479 23.81486701965332
1553274479 23.981868743896484
1553274479 24.152183532714844
1553274479 24.327550888061523
1553274479 24.496976852416992
1553274479 24.667692184448242
1553274479 24.835914611816406
1553274479 25.00455665588379
1553274479 25.173053741455078
1553274479 25.34126091003418
1553274480 25.50931167602539
1553274480 25.67613983154297
1553274480 25.846036911010742
1553274480 26.010988235473633
1553274480 26.176359176635742
1553274480 26.342252731323242
1553274480 26.508752822875977
1553274480 26.674318313598633
1553274480 26.836589813232422
1553274480 27.00010871887207
1553274480 27.163774490356445
1553274480 27.326297760009766
1553274480 27.490135192871094
1553274480 27.648344039916992
1553274480 27.8142147064209
1553274480 27.971559524536133
1553274480 28.13319969177246
1553274480 28.29632568359375
1553274480 28.453643798828125
1553274480 28.613750457763672
1553274480 28.770200729370117
1553274480 28.933818817138672
1553274480 29.084806442260742
1553274480 29.239030838012695
1553274481 29.395763397216797
1553274481 29.55086326599121
1553274481 29.70216941833496
1553274481 29.856462478637695
1553274481 30.01173210144043
1553274481 30.160419464111328
1553274481 30.31357765197754
1553274481 30.46146011352539
1553274481 30.612546920776367
1553274481 30.760028839111328
1553274481 30.909265518188477
1553274481 31.053630828857422
1553274481 31.205331802368164
1553274481 31.34849739074707
1553274481 31.495256423950195
1553274481 31.63833999633789
1553274481 31.78485870361328
1553274481 31.925678253173828
1553274481 32.06730651855469
1553274481 32.20808410644531
1553274481 32.34639358520508
1553274481 32.49012756347656
1553274481 32.62694549560547
1553274481 32.760719299316406
1553274482 32.89802932739258
1553274482 33.035797119140625
1553274482 33.17336654663086
1553274482 33.30780029296875
1553274482 33.4368782043457
1553274482 33.5705680847168
1553274482 33.70379638671875
1553274482 33.83478927612305
1553274482 33.969337463378906
1553274482 34.094791412353516
1553274482 34.21821975708008
1553274482 34.34620666503906
1553274482 34.47063446044922
1553274482 34.59431457519531
1553274482 34.71748352050781
1553274482 34.83870315551758
1553274482 34.95906066894531
1553274482 35.079708099365234
1553274482 35.20263671875
1553274482 35.32044982910156
1553274482 35.440513610839844
1553274482 35.55682373046875
1553274482 35.672096252441406
1553274482 35.78398513793945
1553274482 35.89925765991211
1553274483 36.01575469970703
1553274483 36.12739562988281
1553274483 36.24216842651367
1553274483 36.3516731262207
1553274483 36.459503173828125
1553274483 36.56825637817383
1553274483 36.67344284057617
1553274483 36.773536682128906
1553274483 36.87839126586914
1553274483 36.98575210571289
1553274483 37.08783721923828
1553274483 37.19011306762695
1553274483 37.289222717285156
1553274483 37.39301300048828
1553274483 37.48947525024414
1553274483 37.58369827270508
1553274483 37.68057632446289
1553274483 37.77424621582031
1553274483 37.86356735229492
1553274483 37.95675277709961
1553274483 38.05232238769531
1553274483 38.142730712890625
1553274483 38.22423553466797
1553274484 38.31759262084961
1553274484 38.40433883666992
1553274484 38.48991394042969
1553274484 38.573081970214844
1553274484 38.657466888427734
1553274484 38.74029541015625
1553274484 38.81930160522461
1553274484 38.89918899536133
1553274484 38.982784271240234
1553274484 39.05184555053711
1553274484 39.13370132446289
1553274484 39.207313537597656
1553274484 39.277156829833984
1553274484 39.35538864135742
1553274484 39.4212532043457
1553274484 39.49758529663086
1553274484 39.558719635009766
1553274484 39.62931442260742
1553274484 39.69449234008789
1553274484 39.763282775878906
1553274484 39.8213996887207
1553274484 39.8878288269043
1553274484 39.952728271484375
1553274485 40.00934600830078
1553274485 40.06464767456055
1553274485 40.126861572265625
1553274485 40.182411193847656
1553274485 40.23777389526367
1553274485 40.28998565673828
1553274485 40.34661102294922
1553274485 40.397247314453125
1553274485 40.45075988769531
1553274485 40.492679595947266
1553274485 40.54429244995117
1553274485 40.59104537963867
1553274485 40.63680648803711
1553274485 40.67573547363281
1553274485 40.721466064453125
1553274485 40.758419036865234
1553274485 40.79925537109375
1553274485 40.84318923950195
1553274485 40.87721633911133
1553274485 40.91123580932617
1553274485 40.95344543457031
1553274485 40.9842643737793
1553274485 41.013084411621094
1553274485 41.03990173339844
1553274486 41.08098602294922
1553274486 41.10189437866211
1553274486 41.130008697509766
1553274486 41.15475845336914
1553274486 41.18387222290039
1553274486 41.20517349243164
1553274486 41.224761962890625
1553274486 41.24668502807617
1553274486 41.261260986328125
1553274486 41.27928924560547
1553274486 41.30453872680664
1553274486 41.314449310302734
1553274486 41.326541900634766
1553274486 41.339595794677734
1553274486 41.35030746459961
1553274486 41.3610725402832
1553274486 41.36835479736328
1553274486 41.374359130859375
1553274486 41.379661560058594
1553274486 41.38517379760742
1553274486 41.388973236083984
1553274486 41.389591217041016
1553274486 41.389984130859375
1553274486 41.389137268066406
1553274486 41.387596130371094
1553274487 41.38361358642578
1553274487 41.37843322753906
1553274487 41.37317657470703
1553274487 41.36559295654297
1553274487 41.356563568115234
1553274487 41.34564971923828
1553274487 41.33473587036133
1553274487 41.319889068603516
1553274487 41.31064987182617
1553274487 41.289031982421875
1553274487 41.27336502075195
1553274487 41.25350570678711
1553274487 41.23540496826172
1553274487 41.21455001831055
1553274487 41.1939697265625
1553274487 41.16520309448242
1553274487 41.140289306640625
1553274487 41.118595123291016
1553274487 41.08849334716797
1553274487 41.06087112426758
1553274487 41.0289306640625
1553274487 41.00058364868164
1553274487 40.96430969238281
1553274488 40.93265914916992
1553274488 40.89316177368164
1553274488 40.856719970703125
1553274488 40.82381820678711
1553274488 40.777462005615234
1553274488 40.737728118896484
1553274488 40.699920654296875
1553274488 40.65227508544922
1553274488 40.606327056884766
1553274488 40.56446838378906
1553274488 40.51455307006836
1553274488 40.46470260620117
1553274488 40.412681579589844
1553274488 40.36094284057617
1553274488 40.308128356933594
1553274488 40.25446319580078
1553274488 40.202674865722656
1553274488 40.14495849609375
1553274488 40.087215423583984
1553274488 40.02698516845703
1553274488 39.968685150146484
1553274488 39.903743743896484
1553274488 39.84381103515625
1553274488 39.77260208129883
1553274489 39.714263916015625
1553274489 39.64262008666992
1553274489 39.571598052978516
1553274489 39.505855560302734
1553274489 39.430450439453125
1553274489 39.36847686767578
1553274489 39.28207778930664
1553274489 39.22039031982422
1553274489 39.139156341552734
1553274489 39.05930709838867
1553274489 38.98820495605469
1553274489 38.90409851074219
1553274489 38.823707580566406
1553274489 38.74357986450195
1553274489 38.65737533569336
1553274489 38.57376480102539
1553274489 38.4912109375
1553274489 38.40341567993164
1553274490 38.314781188964844
1553274490 38.218902587890625
1553274490 38.135807037353516
1553274490 38.04436111450195
1553274490 37.94804763793945
1553274490 37.85350799560547
1553274490 37.76502227783203
1553274490 37.66231155395508
1553274490 37.57135772705078
1553274490 37.466156005859375
1553274490 37.367156982421875
1553274490 37.26776123046875
1553274490 37.16569900512695
1553274490 37.06000900268555
1553274490 36.95862579345703
1553274490 36.85190963745117
1553274490 36.74418640136719
1553274490 36.63325500488281
1553274490 36.5229606628418
1553274490 36.42061996459961
1553274490 36.31039810180664
1553274491 36.19997024536133
1553274491 36.084442138671875
1553274491 35.96889114379883
1553274491 35.854618072509766
1553274491 35.73655319213867
1553274491 35.618568420410156
1553274491 35.49911117553711
1553274491 35.3781623840332
1553274491 35.25839614868164
1553274491 35.13624954223633
1553274491 35.01544952392578
1553274491 34.89332962036133
1553274491 34.767826080322266
1553274491 34.64078903198242
1553274491 34.51272964477539
1553274491 34.38465118408203
1553274491 34.25568389892578
1553274491 34.1180419921875
1553274491 33.98988723754883
1553274491 33.86167526245117
1553274491 33.728946685791016
1553274491 33.598358154296875
1553274492 33.463294982910156
1553274492 33.329833984375
1553274492 33.19257354736328
1553274492 33.058589935302734
1553274492 32.91596221923828
1553274492 32.77793502807617
1553274492 32.6370964050293
1553274492 32.49715042114258
1553274492 32.355506896972656
1553274492 32.2126350402832
1553274492 32.068931579589844
1553274492 31.92327880859375
1553274492 31.782400131225586
1553274492 31.635374069213867
1553274492 31.488950729370117
1553274492 31.340621948242188
1553274492 31.19631004333496
1553274492 31.044031143188477
1553274492 30.89780044555664
1553274492 30.745256423950195
1553274492 30.59665298461914
1553274493 30.443344116210938
1553274493 30.28715705871582
1553274493 30.138015747070312
1553274493 29.98105239868164
1553274493 29.82516860961914
1553274493 29.67572784423828
1553274493 29.51713752746582
1553274493 29.358287811279297
1553274493 29.202606201171875
1553274493 29.050146102905273
1553274493 28.88768768310547
1553274493 28.73004150390625
1553274493 28.568471908569336
1553274493 28.411197662353516
1553274493 28.24730682373047
1553274493 28.083229064941406
1553274493 27.92477798461914
1553274493 27.76141929626465
1553274493 27.600589752197266
1553274493 27.43438148498535
1553274493 27.27384376525879
1553274493 27.109375
1553274494 26.94642448425293
1553274494 26.783294677734375
1553274494 26.61606788635254
1553274494 26.450902938842773
1553274494 26.284521102905273
1553274494 26.119752883911133
1553274494 25.95310401916504
1553274494 25.783836364746094
1553274494 25.617090225219727
1553274494 25.45073699951172
1553274494 25.28367042541504
1553274494 25.11456298828125
1553274494 24.947298049926758
1553274494 24.77924919128418
1553274494 24.609521865844727
1553274494 24.44141960144043
1553274494 24.27155876159668
1553274494 24.10106086730957
1553274494 23.93323516845703
1553274494 23.764423370361328
1553274494 23.59408187866211
1553274495 23.427642822265625
1553274495 23.257699966430664
1553274495 23.08919906616211
1553274495 22.920665740966797
1553274495 22.75108528137207
1553274495 22.579227447509766
1553274495 22.412609100341797
1553274495 22.2436466217041
1553274495 22.073657989501953
1553274495 21.906234741210938
1553274495 21.736440658569336
1553274495 21.566307067871094
1553274495 21.40047264099121
1553274495 21.23250389099121
1553274495 21.06302833557129
1553274495 20.897069931030273
1553274495 20.730316162109375
1553274495 20.56631851196289
1553274495 20.395177841186523
1553274496 20.230552673339844
1553274496 20.066465377807617
1553274496 19.8999080657959
1553274496 19.734455108642578
1553274496 19.575061798095703
1553274496 19.40910530090332
1553274496 19.247055053710938
1553274496 19.086597442626953
1553274496 18.92182159423828
1553274496 18.763198852539062
1553274496 18.604066848754883
1553274496 18.441436767578125
1553274496 18.28447914123535
1553274496 18.128273010253906
1553274496 17.968374252319336
1553274496 17.8136043548584
1553274496 17.657899856567383
1553274496 17.503013610839844
1553274496 17.35036849975586
1553274496 17.19558334350586
1553274497 17.04621696472168
1553274497 16.894407272338867
