1553266531 76.59902954101562
1553266531 72.2798843383789
1553266531 68.11719512939453
1553266531 63.994911193847656
1553266532 59.88928985595703
1553266532 55.86083984375
1553266532 52.2044792175293
1553266532 49.46059036254883
1553266532 48.236995697021484
1553266532 48.79069900512695
1553266532 50.96839904785156
1553266532 54.29130935668945
1553266532 58.18708038330078
1553266532 62.293758392333984
1553266532 66.39987182617188
1553266532 70.34600830078125
1553266532 74.06201171875
1553266532 77.44400024414062
1553266532 80.42130279541016
1553266532 82.9324722290039
1553266532 84.88339233398438
1553266532 86.27754974365234
1553266533 87.04107666015625
1553266533 87.17166900634766
1553266533 86.7076187133789
1553266533 85.62045288085938
1553266533 83.97406005859375
1553266533 81.79730987548828
1553266533 79.13909149169922
1553266533 76.03499603271484
1553266533 72.57225799560547
1553266533 68.84430694580078
1553266533 65.05058288574219
1553266533 61.55445098876953
1553266533 58.970741271972656
1553266533 57.689170837402344
1553266533 57.67119598388672
1553266533 58.522499084472656
1553266533 59.79358673095703
1553266533 61.28544998168945
1553266533 63.26076889038086
1553266534 66.15930938720703
1553266534 69.29228973388672
1553266534 72.4458999633789
1553266534 74.75794219970703
1553266534 77.08444213867188
1553266534 79.40348815917969
1553266534 81.70278930664062
1553266534 83.64215850830078
1553266534 83.67835235595703
1553266534 83.67835235595703
1553266534 83.67835235595703
1553266534 83.67835235595703
1553266534 83.67835235595703
1553266534 83.67835235595703
1553266534 83.67835235595703
1553266535 83.67835235595703
1553266535 83.67835235595703
1553266535 83.67835235595703
1553266535 83.67835235595703
1553266535 83.67835235595703
1553266535 83.67835235595703
1553266535 83.67835235595703
1553266535 83.67835235595703
1553266535 83.67835235595703
1553266535 83.67835235595703
1553266535 83.67835235595703
1553266535 83.67835235595703
1553266535 83.67835235595703
1553266535 83.67835235595703
1553266535 83.67835235595703
1553266535 83.67835235595703
1553266535 83.67835235595703
1553266535 83.67835235595703
1553266535 83.67835235595703
1553266535 83.67835235595703
1553266535 83.67835235595703
1553266536 83.67835235595703
1553266536 83.67835235595703
1553266536 83.67835235595703
1553266536 83.67835235595703
1553266536 83.67835235595703
1553266536 83.67835235595703
1553266536 83.67835235595703
1553266536 83.67835235595703
1553266536 83.67835235595703
1553266536 83.67835235595703
1553266536 83.67835235595703
1553266536 83.67835235595703
1553266536 83.67835235595703
1553266536 83.67835235595703
1553266536 83.67835235595703
1553266536 83.67835235595703
1553266536 83.67835235595703
1553266537 83.67835235595703
1553266537 83.67835235595703
1553266537 83.67835235595703
1553266537 83.67835235595703
1553266537 83.67835235595703
1553266537 83.67835235595703
