1553266705 75.7022933959961
1553266705 75.09464263916016
1553266705 74.49605560302734
1553266705 73.90676879882812
1553266705 73.33076477050781
1553266705 72.76594543457031
1553266705 72.18138122558594
1553266706 71.58130645751953
1553266706 70.96728515625
1553266706 70.36346435546875
1553266706 69.73704528808594
1553266706 69.10783386230469
1553266706 68.48529052734375
1553266706 67.85082244873047
1553266706 67.21248626708984
1553266706 66.55354309082031
1553266706 65.88838195800781
1553266706 65.22723388671875
1553266706 64.54501342773438
1553266707 63.85430908203125
1553266707 63.160423278808594
1553266707 62.459476470947266
1553266707 61.76528549194336
1553266707 61.054080963134766
1553266707 60.336673736572266
1553266707 59.61375427246094
1553266707 58.876548767089844
1553266707 58.14497375488281
1553266707 57.399234771728516
1553266707 56.636314392089844
1553266707 55.87961959838867
1553266708 55.12651824951172
1553266708 54.362125396728516
1553266708 53.59061050415039
1553266708 52.82432174682617
1553266708 52.049068450927734
1553266708 51.27552032470703
1553266708 50.49969482421875
1553266708 49.715816497802734
1553266708 48.9386100769043
1553266708 48.159149169921875
1553266708 47.37760543823242
1553266709 46.59925842285156
1553266709 45.83146667480469
1553266709 45.07236099243164
1553266709 44.32316589355469
1553266709 43.57268142700195
1553266709 42.84133529663086
1553266709 42.106971740722656
1553266709 41.40134048461914
1553266709 40.7266960144043
1553266709 40.058624267578125
1553266709 39.4105339050293
1553266709 38.7806282043457
1553266709 38.189659118652344
1553266709 37.648521423339844
1553266710 37.10307312011719
1553266710 36.61250686645508
1553266710 36.152591705322266
1553266710 35.745296478271484
1553266710 35.369651794433594
1553266710 35.02051544189453
1553266710 34.73447036743164
1553266710 34.505950927734375
1553266710 34.315086364746094
1553266710 34.16901397705078
1553266710 34.06444549560547
1553266710 34.02965545654297
1553266710 34.02907943725586
1553266711 34.08172607421875
1553266711 34.19097137451172
1553266711 34.34877395629883
1553266711 34.53913116455078
1553266711 34.782554626464844
1553266711 35.07197189331055
1553266711 35.39839172363281
1553266711 35.767520904541016
1553266711 36.16889572143555
1553266711 36.602500915527344
1553266711 37.06072998046875
1553266711 37.556854248046875
1553266711 38.07260513305664
1553266711 38.59892654418945
1553266711 39.14860153198242
1553266712 39.70840072631836
1553266712 40.29301071166992
1553266712 40.87932586669922
1553266712 41.47214126586914
1553266712 42.072994232177734
1553266712 42.683231353759766
1553266712 43.299903869628906
1553266712 43.912681579589844
1553266712 44.52266311645508
1553266712 45.138126373291016
1553266713 45.73565673828125
1553266713 46.34635925292969
1553266713 46.94369125366211
1553266713 47.548221588134766
1553266713 48.12689971923828
1553266713 48.69491958618164
