1553267269 90.84550476074219
1553267269 89.68268585205078
1553267269 88.55136108398438
1553267269 87.4378662109375
1553267269 86.31905364990234
1553267269 85.19380950927734
1553267269 84.0206069946289
1553267269 82.88265228271484
1553267269 81.69387817382812
1553267269 80.49661254882812
1553267269 79.26681518554688
1553267269 78.02873992919922
1553267269 76.77381896972656
1553267270 75.5000228881836
1553267270 74.20404815673828
1553267270 72.89444732666016
1553267270 71.5525131225586
1553267270 70.20162200927734
1553267270 68.813720703125
1553267270 67.42125701904297
1553267270 65.99284362792969
1553267270 64.5509262084961
1553267270 63.099037170410156
1553267270 61.610774993896484
1553267270 60.09996795654297
1553267270 58.57194900512695
1553267270 57.016963958740234
1553267270 55.445762634277344
1553267270 53.84623718261719
1553267270 52.23050308227539
1553267270 50.58714294433594
1553267270 48.92782974243164
1553267270 47.25213623046875
1553267270 45.54899978637695
1553267270 43.81113815307617
1553267270 42.04480743408203
1553267270 40.23998260498047
1553267271 38.41487503051758
1553267271 36.559017181396484
1553267271 34.67192459106445
1553267271 32.75135803222656
1553267271 30.813230514526367
1553267271 28.852458953857422
1553267271 26.87668800354004
1553267271 24.899799346923828
1553267271 22.932437896728516
1553267271 21.001014709472656
1553267271 19.12608528137207
1553267271 17.344247817993164
1553267271 15.689286231994629
1553267271 14.204123497009277
1553267271 12.936214447021484
1553267271 11.921205520629883
1553267271 11.198418617248535
1553267271 10.814675331115723
1553267271 10.807600975036621
1553267271 11.207024574279785
1553267271 11.97968864440918
1553267271 13.097416877746582
1553267271 14.526063919067383
1553267272 16.22039222717285
1553267272 18.14262580871582
1553267272 20.244365692138672
1553267272 22.489553451538086
1553267272 24.847082138061523
1553267272 27.28083038330078
1553267272 29.76865577697754
1553267272 32.28934860229492
1553267272 34.82362365722656
1553267272 37.34977340698242
1553267272 39.85978698730469
1553267272 42.334136962890625
1553267272 44.76815414428711
1553267272 47.147674560546875
1553267272 49.471431732177734
1553267272 51.71305465698242
1553267272 53.87898635864258
1553267272 55.958126068115234
1553267272 57.94707489013672
1553267272 59.823974609375
1553267272 61.58701705932617
1553267272 63.23783874511719
1553267272 64.76740264892578
1553267273 66.15106201171875
1553267273 67.38821411132812
1553267273 68.50350952148438
1553267273 69.44805908203125
1553267273 70.23978424072266
1553267273 70.865234375
1553267273 71.3352279663086
1553267273 71.63346862792969
1553267273 71.76868438720703
1553267273 71.72977447509766
1553267273 71.52154541015625
1553267273 71.13890075683594
1553267273 70.59683227539062
1553267273 69.88839721679688
1553267273 69.02023315429688
1553267273 67.98683166503906
1553267273 66.80419921875
