1553266073 75.06598663330078
1553266073 74.54808044433594
1553266073 74.05171966552734
1553266073 73.56340789794922
1553266073 73.06996154785156
1553266073 72.56295776367188
1553266073 72.05412292480469
1553266073 71.55117797851562
1553266073 71.04070281982422
1553266073 70.50567626953125
1553266073 69.98899841308594
1553266073 69.4517822265625
1553266073 68.90176391601562
1553266073 68.35675811767578
1553266073 67.80492401123047
1553266073 67.23542785644531
1553266073 66.67514038085938
1553266074 66.10173034667969
1553266074 65.52269744873047
1553266074 64.93849182128906
1553266074 64.34903717041016
1553266074 63.73746871948242
1553266074 63.135231018066406
1553266074 62.524654388427734
1553266074 61.90293502807617
1553266074 61.29030990600586
1553266074 60.66538619995117
1553266074 60.02580642700195
1553266074 59.40108108520508
1553266074 58.755210876464844
1553266074 58.11775588989258
1553266074 57.470245361328125
1553266074 56.81968688964844
1553266074 56.15739822387695
1553266075 55.512840270996094
1553266075 54.85332107543945
1553266075 54.18848419189453
1553266075 53.53364562988281
1553266075 52.87031555175781
1553266075 52.223716735839844
1553266075 51.57719421386719
1553266075 50.92972946166992
1553266075 50.294071197509766
1553266075 49.66279983520508
1553266075 49.04513931274414
1553266075 48.43101501464844
1553266075 47.8384895324707
1553266075 47.257789611816406
1553266075 46.690040588378906
1553266075 46.15373992919922
1553266075 45.63628387451172
1553266075 45.1351432800293
1553266076 44.67008972167969
1553266076 44.21756362915039
1553266076 43.799678802490234
1553266076 43.42546081542969
1553266076 43.074405670166016
1553266076 42.75035095214844
1553266076 42.473388671875
1553266076 42.22515106201172
1553266076 42.012821197509766
1553266076 41.84086608886719
1553266076 41.70491409301758
1553266076 41.60796356201172
1553266076 41.554901123046875
1553266076 41.53873825073242
1553266076 41.5525016784668
1553266076 41.60513687133789
1553266076 41.70060729980469
1553266077 41.827335357666016
1553266077 41.98577880859375
1553266077 42.1943244934082
1553266077 42.42198181152344
1553266077 42.67500686645508
1553266077 42.97377014160156
1553266077 43.30244445800781
1553266077 43.65265655517578
1553266077 44.0201301574707
1553266077 44.415836334228516
1553266077 44.82037353515625
1553266077 45.25075149536133
1553266077 45.70641326904297
1553266077 46.173255920410156
1553266077 46.6402587890625
1553266077 47.121131896972656
1553266077 47.60820388793945
1553266077 48.11272430419922
1553266078 48.62662124633789
1553266078 49.107845306396484
1553266078 49.62009811401367
1553266078 50.13550567626953
1553266078 50.639854431152344
1553266078 51.143043518066406
1553266078 51.631404876708984
1553266078 52.134620666503906
1553266078 52.62255096435547
1553266078 53.11568832397461
1553266078 53.58910369873047
1553266078 54.06072998046875
1553266078 54.52117156982422
