1553266628 76.34226989746094
1553266628 76.28325653076172
1553266628 76.22634887695312
1553266629 76.17774200439453
1553266629 76.10539245605469
1553266629 76.0428237915039
1553266629 75.9882583618164
1553266629 75.93788146972656
1553266629 75.88025665283203
1553266629 75.81575775146484
1553266629 75.74967956542969
1553266629 75.69294738769531
1553266629 75.62299346923828
1553266629 75.56903839111328
1553266629 75.50147247314453
1553266629 75.42241668701172
1553266629 75.35624694824219
1553266629 75.29796600341797
1553266629 75.23434448242188
1553266629 75.17313385009766
1553266629 75.09838104248047
1553266629 75.01731872558594
1553266629 74.94754028320312
1553266629 74.87616729736328
1553266629 74.81035614013672
1553266630 74.72625732421875
1553266630 74.66230773925781
1553266630 74.59432220458984
1553266630 74.52850341796875
1553266630 74.44615173339844
1553266630 74.36209106445312
1553266630 74.285400390625
1553266630 74.2094955444336
1553266630 74.13744354248047
1553266630 74.05390930175781
1553266630 73.9729232788086
1553266630 73.89723205566406
1553266630 73.82795715332031
1553266630 73.74286651611328
1553266630 73.65956115722656
1553266630 73.57965850830078
1553266630 73.48770141601562
1553266630 73.41673278808594
1553266630 73.32032012939453
1553266630 73.25140380859375
1553266630 73.17522430419922
1553266631 73.09789276123047
1553266631 73.00891876220703
1553266631 72.9103775024414
1553266631 72.82766723632812
1553266631 72.74308776855469
1553266631 72.65984344482422
1553266631 72.56745147705078
1553266631 72.49992370605469
1553266631 72.42298889160156
1553266631 72.34144592285156
1553266631 72.22809600830078
1553266631 72.14158630371094
1553266631 72.05272674560547
1553266632 71.97395324707031
1553266632 71.8890380859375
1553266632 71.8066635131836
1553266632 71.7223892211914
1553266632 71.63842010498047
1553266632 71.52908325195312
1553266632 71.44801330566406
1553266632 71.35526275634766
1553266632 71.27337646484375
1553266632 71.18142700195312
1553266632 71.10482788085938
1553266632 71.01771545410156
1553266632 70.92107391357422
1553266632 70.8268051147461
1553266633 70.73162841796875
1553266633 70.64571380615234
1553266633 70.56017303466797
1553266633 70.46768188476562
1553266633 70.38037872314453
1553266633 70.27951049804688
1553266633 70.20001220703125
1553266633 70.08892822265625
1553266633 70.0057601928711
1553266633 69.91451263427734
1553266633 69.81878662109375
1553266633 69.73892974853516
1553266633 69.65107727050781
1553266634 69.5638427734375
1553266634 69.46597290039062
1553266634 69.37669372558594
1553266634 69.27345275878906
1553266634 69.18514251708984
1553266634 69.0779800415039
1553266634 69.00621795654297
1553266634 68.9153823852539
1553266634 68.83395385742188
1553266634 68.72540283203125
1553266634 68.62397003173828
1553266634 68.52571105957031
1553266634 68.43212127685547
1553266634 68.34610748291016
