1553274613 91.82449340820312
1553274613 88.76957702636719
1553274613 80.6253662109375
1553274613 66.93550872802734
1553274613 45.986572265625
1553274613 11.145401954650879
1553274613 96.968017578125
1553274613 216.25082397460938
1553274613 286.54083251953125
1553274613 208.4098663330078
1553274613 13.517142295837402
1553274613 179.13595581054688
1553274613 232.59371948242188
1553274613 155.15017700195312
1553274613 83.28974914550781
1553274613 83.27324676513672
1553274613 83.26764678955078
1553274613 83.21693420410156
1553274613 83.21025848388672
1553274614 83.18926239013672
1553274614 83.13037872314453
1553274614 83.02238464355469
1553274614 82.9659194946289
1553274614 82.94073486328125
1553274614 82.7904281616211
1553274614 82.72650909423828
1553274614 82.68904876708984
1553274614 82.5235595703125
1553274614 82.45742797851562
1553274614 82.28964233398438
1553274614 82.20764923095703
1553274614 82.03359985351562
1553274614 81.94052124023438
1553274614 81.73005676269531
1553274614 81.62647247314453
1553274614 81.44392395019531
1553274614 81.22650909423828
1553274614 81.02486419677734
1553274614 80.8784408569336
1553274614 80.6501235961914
1553274614 80.44365692138672
1553274614 80.20752716064453
1553274614 79.96112060546875
1553274614 79.7113037109375
1553274614 79.46022033691406
1553274615 79.20355987548828
1553274615 78.93863677978516
1553274615 78.63787078857422
1553274615 78.29362487792969
1553274615 77.98201751708984
1553274615 77.71017456054688
1553274615 77.38780212402344
1553274615 77.02666473388672
1553274615 76.70728302001953
1553274615 76.37002563476562
1553274615 75.96315002441406
1553274615 75.62102508544922
1553274615 75.2113037109375
1553274615 74.79449462890625
1553274615 74.43820190429688
1553274615 73.97799682617188
1553274615 73.54873657226562
1553274615 73.14254760742188
1553274615 72.70673370361328
1553274615 72.21715545654297
1553274615 71.73395538330078
1553274615 71.28221130371094
1553274616 70.79505920410156
1553274616 70.29974365234375
1553274616 69.7962875366211
1553274616 69.28422546386719
1553274616 68.73491668701172
1553274616 68.2176513671875
1553274616 67.7063217163086
1553274616 67.13629913330078
1553274616 66.55787658691406
1553274616 65.98007202148438
1553274616 65.4349594116211
1553274616 64.80734252929688
1553274616 64.21116638183594
1553274616 63.607337951660156
1553274616 62.96348190307617
1553274616 62.35324478149414
1553274616 61.70600128173828
1553274616 61.04349899291992
1553274616 60.370880126953125
1553274616 59.709388732910156
1553274616 58.98722457885742
1553274616 58.32127380371094
1553274616 57.60363006591797
1553274616 56.928226470947266
1553274617 56.18582534790039
1553274617 55.4551887512207
1553274617 54.70878601074219
1553274617 53.95497512817383
1553274617 53.184326171875
1553274617 52.425537109375
1553274617 51.60955810546875
1553274617 50.83358383178711
1553274617 49.993038177490234
