1553275203 85.23361206054688
1553275204 144.5808563232422
1553275204 223.41542053222656
1553275204 83.69336700439453
1553275204 83.53589630126953
1553275204 83.44352722167969
1553275204 83.21693420410156
1553275204 83.01805877685547
1553275204 80.06678009033203
1553275204 19.34103012084961
1553275204 82.4599838256836
1553275204 82.28984832763672
1553275204 82.21324157714844
1553275204 82.15144348144531
1553275204 82.12686157226562
1553275204 165.0897979736328
1553275204 430.49798583984375
1553275204 6048.970703125
1553275204 488668.09375
1553275204 82.76892852783203
1553275204 83.03265380859375
1553275204 83.28607177734375
1553275204 83.52177429199219
1553275204 82.87661743164062
1553275204 153.6746826171875
1553275204 84.0213394165039
1553275205 84.18933868408203
1553275205 84.20751953125
1553275205 84.18955993652344
1553275205 84.02225494384766
1553275205 211.23269653320312
1553275205 2320.390625
1553275205 154963.6875
1553275205 1793599.25
1553275205 118801080.0
1553275205 82.95745849609375
1553275205 82.73089599609375
1553275205 82.62591552734375
1553275205 82.4432373046875
1553275205 437.00726318359375
1553275205 4080.064453125
1553275205 82.21175384521484
1553275205 82.21599578857422
1553275205 82.2313003540039
1553275205 82.29090881347656
1553275205 44.77559280395508
1553275205 2447.616943359375
1553275205 599685.25
1553275205 37655376.0
1553275206 431748160.0
1553275206 28581718016.0
1553275206 83.97720336914062
1553275206 84.21589660644531
1553275206 84.40177154541016
1553275206 1151.7293701171875
1553275206 29415.814453125
1553275206 84.48057556152344
1553275206 84.44355773925781
1553275206 84.21583557128906
1553275206 83.9617691040039
1553275206 83.65238189697266
1553275206 23774.060546875
1553275206 548286.125
1553275206 144284784.0
1553275206 9058373632.0
1553275206 103848869888.0
1553275206 6874351534080.0
1553275206 82.14753723144531
1553275206 82.13037872314453
1553275206 82.14042663574219
1553275206 79258.25
1553275206 4827911.5
1553275206 82.48101806640625
1553275207 82.71168518066406
1553275207 82.94080352783203
1553275207 83.12796783447266
1553275207 83.23078918457031
1553275207 5731272.0
1553275207 131846896.0
1553275207 34707963904.0
1553275207 2178730426368.0
1553275207 24976451174400.0
1553275207 1653398260678656.0
1553275207 84.40204620361328
1553275207 84.40315246582031
1553275207 84.28783416748047
1553275207 18337690.0
1553275207 1159242240.0
1553275207 83.87830352783203
1553275207 83.62738037109375
1553275207 83.27300262451172
1553275207 82.96327209472656
1553275207 82.65059661865234
1553275207 1378675840.0
1553275207 31713978368.0
1553275207 8347759673344.0
1553275207 524058588348416.0
1553275207 6006688393986048.0
1553275208 3.9768600278256845e+17
1553275208 82.20375061035156
