1553275131 84.80419158935547
1553275131 24.989458084106445
1553275131 2647.01171875
1553275131 83.44066619873047
1553275131 83.28267669677734
1553275131 83.19084167480469
1553275131 82.96151733398438
1553275132 82.71172332763672
1553275132 82.44324493408203
1553275132 82.0398178100586
1553275132 81.6939468383789
1553275132 81.21334075927734
1553275132 80.71578216552734
1553275132 80.20341491699219
1553275132 79.54362487792969
1553275132 78.95355987548828
1553275132 78.21705627441406
1553275132 77.46728515625
1553275132 76.70721435546875
1553275132 75.87047576904297
1553275132 74.95977783203125
1553275132 73.97825622558594
1553275132 72.97915649414062
1553275132 71.96067810058594
1553275132 70.86940002441406
1553275132 69.71111297607422
1553275133 68.4835205078125
1553275133 67.23411560058594
1553275133 65.96145629882812
1553275133 64.62535095214844
1553275133 63.21320724487305
1553275133 61.737518310546875
1553275133 60.28875732421875
1553275133 58.71692657470703
1553275133 57.11933135986328
1553275133 55.46758270263672
1553275133 53.80045700073242
1553275133 52.05284881591797
1553275133 50.21982955932617
1553275133 48.36864471435547
1553275133 46.48699188232422
1553275133 44.55351257324219
1553275133 42.55353927612305
1553275133 40.49247360229492
1553275133 38.41522979736328
1553275134 36.24650573730469
1553275134 34.071022033691406
1553275134 31.82990074157715
1553275134 29.543628692626953
1553275134 27.21794319152832
1553275134 24.871742248535156
1553275134 22.501306533813477
1553275134 20.088350296020508
1553275134 17.651954650878906
1553275134 15.274291038513184
1553275134 13.07984447479248
1553275134 11.070904731750488
1553275134 9.326714515686035
1553275134 8.05204963684082
1553275134 7.401415824890137
1553275134 7.449983596801758
1553275134 8.248618125915527
1553275134 9.508859634399414
1553275134 11.132552146911621
1553275134 13.038960456848145
1553275134 15.12007999420166
1553275134 17.37037467956543
1553275135 19.654094696044922
1553275135 21.949697494506836
1553275135 24.24086570739746
1553275135 26.553443908691406
1553275135 28.914709091186523
1553275135 31.2148494720459
1553275135 33.46593475341797
1553275135 35.67421340942383
1553275135 37.832332611083984
1553275135 39.947635650634766
1553275135 42.02859878540039
1553275135 44.031089782714844
1553275135 46.00386047363281
1553275135 47.90477752685547
1553275135 49.76266860961914
1553275135 51.54142761230469
1553275135 53.29973220825195
1553275135 55.03261184692383
1553275135 56.675514221191406
1553275135 58.28898239135742
1553275135 59.81984329223633
1553275136 61.369163513183594
1553275136 62.7987060546875
1553275136 64.21558380126953
1553275136 65.56168365478516
1553275136 66.8842544555664
1553275136 68.13389587402344
1553275136 69.35994720458984
1553275136 70.53278350830078
1553275136 71.61673736572266
1553275136 72.70289611816406
1553275136 73.70832824707031
1553275136 74.62962341308594
