1553274589 100.6261978149414
1553274589 97.36568450927734
1553274589 90.89212799072266
1553274589 84.11782836914062
1553274589 81.85594940185547
1553274589 80.9832992553711
1553274589 79.46121978759766
1553274590 74.56208038330078
1553274590 60.81937026977539
1553274590 28.740049362182617
1553274590 38.319000244140625
1553274590 116.20494842529297
1553274590 164.23495483398438
1553274590 149.2136688232422
1553274590 70.16487884521484
1553274590 31.882038116455078
1553274590 83.26313018798828
1553274590 83.68913269042969
1553274590 83.65132904052734
1553274590 83.64126586914062
1553274590 83.62835693359375
1553274590 83.53958129882812
1553274590 83.53244018554688
1553274590 83.5191650390625
1553274590 83.47964477539062
1553274590 83.46586608886719
1553274590 83.46028900146484
1553274590 83.44349670410156
1553274590 83.401123046875
1553274590 83.37810516357422
1553274590 83.28271484375
1553274590 83.23100280761719
1553274590 83.21571350097656
1553274591 83.20398712158203
1553274591 83.15118408203125
1553274591 83.1263198852539
1553274591 83.02210235595703
1553274591 82.96694946289062
1553274591 82.95397186279297
1553274591 82.89813232421875
1553274591 82.78910827636719
1553274591 82.72988891601562
1553274591 82.71009826660156
1553274591 82.65055084228516
1553274591 82.5370101928711
1553274591 82.47722625732422
1553274591 82.45362854003906
1553274591 82.3800277709961
1553274591 82.27000427246094
1553274591 82.21133422851562
1553274591 82.14772033691406
1553274591 82.02395629882812
1553274591 81.96174621582031
1553274591 81.89997863769531
1553274591 81.7740707397461
1553274591 81.71137237548828
1553274591 81.63995361328125
1553274591 81.51913452148438
1553274591 81.45381927490234
1553274592 81.37470245361328
1553274592 81.21710968017578
1553274592 81.14970397949219
1553274592 81.0211410522461
1553274592 80.9537582397461
1553274592 80.79194641113281
1553274592 80.71305847167969
1553274592 80.62923431396484
1553274592 80.47696685791016
1553274592 80.3988037109375
1553274592 80.23151397705078
1553274592 80.18812561035156
1553274592 80.02022552490234
1553274592 79.939697265625
1553274592 79.77180480957031
1553274592 79.68965911865234
1553274592 79.52061462402344
1553274592 79.4378890991211
1553274592 79.23175811767578
1553274592 79.14779663085938
1553274592 78.97724914550781
1553274592 78.87777709960938
1553274592 78.71306610107422
1553274592 78.54422760009766
1553274592 78.4534912109375
1553274592 78.27320861816406
1553274593 78.14727783203125
1553274593 77.9672622680664
1553274593 77.8714599609375
1553274593 77.70336151123047
1553274593 77.52201080322266
1553274593 77.38692474365234
1553274593 77.2113037109375
1553274593 77.02767181396484
1553274593 76.89585876464844
1553274593 76.71168518066406
1553274593 76.52832794189453
1553274593 76.39283752441406
1553274593 76.21121215820312
1553274593 76.02473449707031
1553274593 75.87446594238281
