1553266340 80.32954406738281
1553266346 80.0699691772461
1553266346 79.83026123046875
1553266346 79.58123779296875
1553266346 79.33931732177734
1553266346 79.08497619628906
1553266346 78.83202362060547
1553266346 78.58087921142578
1553266346 78.31896209716797
1553266346 78.054931640625
1553266346 77.80325317382812
1553266346 77.52886962890625
1553266346 77.2579345703125
1553266347 76.98555755615234
1553266347 76.70045471191406
1553266347 76.41653442382812
1553266347 76.1364974975586
1553266347 75.84750366210938
1553266347 75.55659484863281
1553266347 75.26284790039062
1553266347 74.96736145019531
1553266347 74.66629791259766
1553266347 74.36158752441406
1553266347 74.06356048583984
1553266347 73.753662109375
1553266348 73.44102478027344
1553266348 73.13106536865234
1553266348 72.81729125976562
1553266348 72.49756622314453
1553266348 72.1768569946289
1553266348 71.85443115234375
1553266348 71.52521514892578
1553266348 71.19898223876953
1553266348 70.86830139160156
1553266348 70.53667449951172
1553266348 70.20556640625
1553266349 69.86871337890625
1553266349 69.53028106689453
1553266349 69.19941711425781
1553266349 68.86609649658203
1553266349 68.52938842773438
1553266349 68.19963836669922
1553266349 67.85049438476562
1553266349 67.5234375
1553266349 67.18954467773438
1553266349 66.86209106445312
1553266349 66.53633880615234
1553266349 66.20620727539062
1553266350 65.89228057861328
1553266350 65.58242797851562
1553266350 65.28241729736328
1553266350 64.98607635498047
1553266350 64.70036315917969
1553266350 64.42017364501953
1553266350 64.15941619873047
1553266350 63.91364669799805
1553266350 63.66852951049805
1553266350 63.4463005065918
1553266350 63.24119186401367
1553266351 63.05620574951172
1553266351 62.8895149230957
1553266351 62.73139190673828
1553266351 62.60380935668945
1553266351 62.49994659423828
1553266351 62.410179138183594
1553266351 62.339229583740234
1553266351 62.29769515991211
1553266351 62.27528381347656
1553266351 62.27524948120117
1553266351 62.297698974609375
1553266351 62.346248626708984
1553266352 62.41167449951172
1553266352 62.4986457824707
1553266352 62.60268020629883
1553266352 62.73321533203125
1553266352 62.87376022338867
1553266352 63.03905487060547
1553266352 63.21706008911133
1553266352 63.40821075439453
1553266352 63.610755920410156
1553266352 63.8190803527832
1553266352 64.04609680175781
1553266352 64.28260040283203
1553266353 64.51603698730469
1553266353 64.77130126953125
1553266353 65.02413940429688
1553266353 65.28028869628906
1553266353 65.54369354248047
1553266353 65.80282592773438
1553266354 66.06854248046875
1553266354 66.33201599121094
1553266354 66.6012191772461
1553266354 66.8632583618164
1553266354 67.12059783935547
1553266354 67.39666748046875
1553266354 67.66040802001953
1553266354 67.91382598876953
1553266354 68.16738891601562
1553266354 68.43122863769531
1553266354 68.68270874023438
