1553267194 75.28556060791016
1553267194 73.43470764160156
1553267194 71.71731567382812
1553267194 70.05425262451172
1553267194 68.37580108642578
1553267194 66.66382598876953
1553267194 64.92157745361328
1553267194 63.14881134033203
1553267194 61.31814193725586
1553267194 59.4350700378418
1553267194 57.48899459838867
1553267194 55.48906326293945
1553267194 53.43391799926758
1553267194 51.30856704711914
1553267195 49.11183547973633
1553267195 46.84782028198242
1553267195 44.518306732177734
1553267195 42.12199020385742
1553267195 39.655033111572266
1553267195 37.11252212524414
1553267195 34.5009765625
1553267195 31.823904037475586
1553267195 29.090499877929688
1553267195 26.313993453979492
1553267195 23.530235290527344
1553267195 20.781208038330078
1553267195 18.150907516479492
1553267195 15.738266944885254
1553267195 13.622430801391602
1553267195 11.984763145446777
1553267195 11.00678539276123
1553267195 10.809917449951172
1553267195 11.48185920715332
1553267195 12.96539306640625
1553267195 15.161649703979492
1553267195 17.94765853881836
1553267195 21.200563430786133
1553267196 24.787940979003906
1553267196 28.612836837768555
1553267196 32.593772888183594
1553267196 36.655357360839844
1553267196 40.757999420166016
1553267196 44.838539123535156
1553267196 48.86923599243164
1553267196 52.81296157836914
1553267196 56.63663864135742
1553267196 60.31354522705078
1553267196 63.80781936645508
1553267196 67.08245849609375
1553267196 70.10697174072266
1553267196 72.8580551147461
1553267196 75.29155731201172
1553267196 77.38481140136719
1553267196 79.10165405273438
1553267196 80.43587493896484
1553267196 81.3192138671875
1553267196 81.77469635009766
1553267196 81.77452850341797
1553267196 81.30970764160156
1553267196 80.38200378417969
1553267197 79.01021575927734
1553267197 77.18672180175781
1553267197 74.93732452392578
1553267197 72.2741928100586
1553267197 69.24961853027344
1553267197 65.88133239746094
1553267197 62.20201110839844
1553267197 58.249942779541016
1553267197 54.07244873046875
1553267197 49.70722198486328
1553267197 45.18644714355469
1553267197 40.55601119995117
1553267197 35.878326416015625
1553267197 31.207721710205078
1553267197 26.641510009765625
1553267197 22.29789924621582
1553267197 18.329769134521484
1553267197 14.953990936279297
1553267197 12.42297077178955
1553267197 10.993491172790527
1553267197 10.874720573425293
1553267197 12.057065963745117
1553267197 14.330648422241211
1553267198 17.392854690551758
1553267198 20.930736541748047
1553267198 24.679649353027344
1553267198 28.458215713500977
1553267198 32.15779113769531
1553267198 35.73170852661133
1553267198 39.1539421081543
1553267198 42.41626739501953
1553267198 45.504825592041016
1553267198 48.44682693481445
1553267198 51.22481918334961
1553267198 53.83537673950195
1553267198 56.304080963134766
1553267198 58.6153564453125
1553267198 60.7905387878418
1553267198 62.82793045043945
1553267198 64.73343658447266
