1553275248 74.14151000976562
1553275248 71.39832305908203
1553275248 65.33940887451172
1553275248 54.531192779541016
1553275248 35.96082305908203
1553275248 11.154031753540039
1553275248 38.160091400146484
1553275248 65.67322540283203
1553275248 68.20059967041016
1553275248 43.33765411376953
1553275248 10.939128875732422
1553275248 42.68284606933594
1553275248 64.6902847290039
1553275248 72.25983428955078
1553275248 70.09931182861328
1553275248 59.87332534790039
1553275248 41.4412727355957
1553275248 14.848958969116211
1553275248 27.85800552368164
1553275248 52.45469284057617
1553275248 52.58402633666992
1553275248 25.705949783325195
1553275249 25.036388397216797
1553275249 46.39152526855469
1553275249 53.624610900878906
1553275249 48.190189361572266
1553275249 27.940471649169922
1553275249 14.891143798828125
1553275249 41.36383056640625
1553275249 48.42615509033203
1553275249 31.311012268066406
1553275249 11.146015167236328
1553275249 31.294139862060547
1553275249 43.50513458251953
1553275249 45.09702682495117
1553275249 38.14188766479492
1553275249 22.783632278442383
1553275249 11.654753684997559
1553275249 28.740671157836914
1553275249 34.85857009887695
1553275249 21.00260353088379
1553275249 14.66819953918457
1553275249 34.589385986328125
1553275249 42.098209381103516
1553275249 32.96016311645508
1553275249 11.00247859954834
1553275250 33.44881820678711
1553275250 45.53097915649414
1553275250 29.036415100097656
1553275250 15.152379989624023
1553275250 37.00461196899414
1553275250 37.969261169433594
1553275250 18.013113021850586
1553275250 23.606189727783203
1553275250 40.36273956298828
1553275250 31.817724227905273
1553275250 11.067026138305664
1553275250 27.15778350830078
1553275250 39.054996490478516
1553275250 39.03370666503906
1553275250 29.592809677124023
1553275250 13.614089012145996
1553275250 17.93687629699707
1553275250 29.956790924072266
1553275250 24.12217140197754
1553275250 10.94704532623291
1553275250 28.910343170166016
1553275250 40.114952087402344
1553275250 33.435543060302734
1553275250 11.086790084838867
1553275251 34.4652099609375
1553275251 44.87283706665039
1553275251 22.942970275878906
1553275251 27.39451026916504
1553275251 35.802093505859375
1553275251 31.745168685913086
1553275251 15.950246810913086
1553275251 18.070697784423828
1553275251 33.982913970947266
1553275251 31.733978271484375
1553275251 14.44458293914795
1553275251 18.173099517822266
1553275251 31.898109436035156
1553275251 36.065704345703125
1553275251 31.633752822875977
1553275251 18.771635055541992
1553275251 12.592501640319824
1553275251 27.792739868164062
1553275251 31.308490753173828
1553275251 18.051542282104492
1553275251 14.093615531921387
1553275251 29.31291961669922
1553275251 35.09782028198242
1553275251 28.968730926513672
1553275252 12.615584373474121
1553275252 22.91761589050293
1553275252 36.91469192504883
1553275252 30.146411895751953
1553275252 11.41014289855957
1553275252 25.11783790588379
