1553266579 76.45662689208984
1553266579 76.43533325195312
1553266579 76.41241455078125
1553266579 76.39221954345703
1553266579 76.37400817871094
1553266579 76.3502426147461
1553266579 76.3182373046875
1553266579 76.29309844970703
1553266579 76.26244354248047
1553266579 76.24175262451172
1553266579 76.21222686767578
1553266579 76.1759262084961
1553266579 76.15025329589844
1553266579 76.12325286865234
1553266579 76.10133361816406
1553266579 76.07919311523438
1553266579 76.05301666259766
1553266579 76.02446746826172
1553266579 75.99156951904297
1553266579 75.96028137207031
1553266579 75.93474578857422
1553266580 75.88977813720703
1553266580 75.86763000488281
1553266580 75.83198547363281
1553266580 75.80661010742188
1553266580 75.77848052978516
1553266580 75.75242614746094
1553266580 75.71990203857422
1553266580 75.68448638916016
1553266580 75.64832305908203
1553266580 75.6170425415039
1553266580 75.5755615234375
1553266580 75.5498275756836
1553266580 75.51925659179688
1553266580 75.48497772216797
1553266580 75.4516830444336
1553266580 75.4237060546875
1553266580 75.38763427734375
1553266581 75.3507080078125
1553266581 75.31768035888672
1553266581 75.27664184570312
1553266581 75.247314453125
1553266581 75.21576690673828
1553266581 75.17412567138672
1553266581 75.13948822021484
1553266581 75.10728454589844
1553266581 75.06721496582031
1553266581 75.03317260742188
1553266581 74.9918441772461
1553266581 74.95323181152344
1553266581 74.92833709716797
1553266581 74.88726043701172
1553266581 74.85327911376953
1553266581 74.8184814453125
1553266581 74.78817749023438
1553266581 74.748046875
1553266581 74.70301055908203
1553266581 74.66338348388672
1553266581 74.6261215209961
1553266581 74.59636688232422
1553266581 74.55966186523438
1553266582 74.52164459228516
1553266582 74.4887466430664
1553266582 74.45133972167969
1553266582 74.39691162109375
1553266582 74.36315155029297
1553266582 74.3225326538086
1553266582 74.29109191894531
1553266582 74.2577896118164
1553266582 74.22419738769531
1553266582 74.18839263916016
1553266582 74.14553833007812
1553266582 74.09468841552734
1553266582 74.05541229248047
1553266582 74.01466369628906
1553266582 73.98381805419922
1553266582 73.95574188232422
1553266582 73.91647338867188
1553266582 73.87178802490234
1553266582 73.83666229248047
1553266582 73.78137969970703
1553266582 73.74031066894531
1553266582 73.70311737060547
1553266583 73.67427825927734
1553266583 73.6416015625
1553266583 73.6043472290039
1553266583 73.56390380859375
1553266583 73.51534271240234
1553266583 73.46475219726562
1553266583 73.43063354492188
1553266583 73.39537811279297
1553266583 73.361572265625
1553266583 73.32344055175781
1553266583 73.2864990234375
1553266583 73.24131774902344
1553266583 73.18573760986328
1553266583 73.14884948730469
1553266583 73.11316680908203
1553266583 73.08113861083984
1553266583 73.04310607910156
