1553275233 80.07328033447266
1553275233 71.39828491210938
1553275233 45.04422378540039
1553275233 43.73033142089844
1553275233 46.6877326965332
1553275233 61.07227325439453
1553275233 85.2308349609375
1553275233 55.664031982421875
1553275233 16.95163345336914
1553275233 15.038884162902832
1553275233 60.38804244995117
1553275233 52.03837203979492
1553275233 45.67588806152344
1553275233 28.66912269592285
1553275233 70.38807678222656
1553275233 83.79904174804688
1553275234 82.39859008789062
1553275234 83.46588134765625
1553275234 83.4611587524414
1553275234 83.4445571899414
1553275234 83.40219116210938
1553275234 83.38075256347656
1553275234 83.28620910644531
1553275234 83.21485900878906
1553275234 82.8514404296875
1553275234 81.38494110107422
1553275234 76.37306213378906
1553275234 58.85123062133789
1553275234 11.262744903564453
1553275234 77.80523681640625
1553275234 31.375194549560547
1553275234 64.26516723632812
1553275234 83.27381134033203
1553275234 82.79025268554688
1553275234 82.7725601196289
1553275234 82.72984313964844
1553275234 82.71324920654297
1553275234 82.70459747314453
1553275234 82.68890380859375
1553275234 82.63130950927734
1553275234 82.5405044555664
1553275235 82.5227279663086
1553275235 82.48014068603516
1553275235 82.46576690673828
1553275235 82.4601058959961
1553275235 82.13044738769531
1553275235 80.37437438964844
1553275235 75.8155746459961
1553275235 59.042137145996094
1553275235 11.063409805297852
1553275235 80.07423400878906
1553275235 34.66300964355469
1553275235 66.2125244140625
1553275235 86.75524139404297
1553275235 82.28984832763672
1553275235 146.493408203125
1553275235 142.26585388183594
1553275235 82.39063262939453
1553275235 82.40123748779297
1553275235 84.77466583251953
1553275235 82.45390319824219
1553275235 82.46131896972656
1553275235 86.74234771728516
1553275235 92.45159149169922
1553275235 90.35789489746094
1553275236 83.47564697265625
1553275236 82.62600708007812
1553275236 82.64083862304688
1553275236 82.68904876708984
1553275236 82.70377349853516
1553275236 82.71149444580078
1553275236 82.72625732421875
1553275236 82.73118591308594
1553275236 82.77362060546875
1553275236 82.79042053222656
1553275236 83.46185302734375
1553275236 83.85175323486328
1553275236 77.42634582519531
1553275236 17.755680084228516
1553275236 184.0638427734375
1553275236 224.71090698242188
1553275236 38.48450469970703
1553275236 101.57926940917969
1553275236 83.1521987915039
1553275236 83.2076416015625
1553275236 83.21678924560547
1553275236 83.2679672241211
1553275236 83.28634643554688
1553275236 83.38058471679688
1553275236 83.40131378173828
1553275237 83.443359375
1553275237 83.45770263671875
1553275237 83.46168518066406
1553275237 83.46652221679688
1553275237 83.47647094726562
1553275237 83.47972869873047
1553275237 83.4807357788086
1553275237 83.48094177246094
1553275237 79.65852355957031
1553275237 20.03188133239746
