1553267248 81.6312026977539
1553267248 81.46090698242188
1553267248 81.28435516357422
1553267248 81.13746643066406
1553267248 80.96651458740234
1553267248 80.7940902709961
1553267248 80.63639068603516
1553267248 80.46250915527344
1553267248 80.2830810546875
1553267248 80.12547302246094
1553267248 79.95452880859375
1553267248 79.76533508300781
1553267248 79.59888458251953
1553267248 79.41677856445312
1553267248 79.23143005371094
1553267248 79.03719329833984
1553267248 78.87007141113281
1553267249 78.67941284179688
1553267249 78.4828872680664
1553267249 78.28784942626953
1553267249 78.1072769165039
1553267249 77.90924072265625
1553267249 77.70639038085938
1553267249 77.50886535644531
1553267249 77.29978942871094
1553267249 77.11426544189453
1553267249 76.91145324707031
1553267249 76.69962310791016
1553267249 76.49803161621094
1553267249 76.28305053710938
1553267249 76.07408142089844
1553267249 75.88158416748047
1553267249 75.662109375
1553267249 75.44951629638672
1553267249 75.23489379882812
1553267249 75.01619720458984
1553267249 74.79680633544922
1553267249 74.59239196777344
1553267249 74.3753890991211
1553267249 74.15278625488281
1553267250 73.92924499511719
1553267250 73.70635986328125
1553267250 73.4871597290039
1553267250 73.26399993896484
1553267250 73.03693389892578
1553267250 72.79863739013672
1553267250 72.568603515625
1553267250 72.35304260253906
1553267250 72.12873077392578
1553267250 71.89791107177734
1553267250 71.66571807861328
1553267250 71.4323501586914
1553267250 71.19470977783203
1553267250 70.96075439453125
1553267250 70.7228012084961
1553267250 70.4862289428711
1553267250 70.25018310546875
1553267250 70.00527954101562
1553267250 69.76016998291016
1553267250 69.51699829101562
1553267250 69.27327728271484
1553267250 69.03389739990234
1553267251 68.78693389892578
1553267251 68.53812408447266
1553267251 68.28324890136719
1553267251 68.03083038330078
1553267251 67.78099060058594
1553267251 67.5236587524414
1553267251 67.27237701416016
1553267251 67.0108871459961
1553267251 66.7560043334961
1553267251 66.50775909423828
1553267251 66.25523376464844
1553267251 65.98822784423828
1553267251 65.72754669189453
1553267251 65.46682739257812
1553267251 65.20609283447266
1553267251 64.9322280883789
1553267251 64.67054748535156
1553267251 64.40616607666016
1553267251 64.13047790527344
1553267251 63.86016082763672
1553267251 63.577999114990234
1553267251 63.30429458618164
1553267251 63.0265007019043
1553267252 62.743804931640625
1553267252 62.462337493896484
1553267252 62.17245101928711
1553267252 61.90678787231445
1553267252 61.61661911010742
1553267252 61.32963562011719
1553267252 61.04128646850586
1553267252 60.74721145629883
1553267252 60.45384979248047
1553267252 60.16032028198242
1553267252 59.858795166015625
1553267252 59.56691360473633
1553267252 59.25933074951172
1553267252 58.960330963134766
1553267252 58.660667419433594
