1553274576 85.82743835449219
1553274576 83.20195770263672
1553274576 75.70203399658203
1553274576 60.999454498291016
1553274576 32.63656997680664
1553274576 33.27937316894531
1553274576 135.4188995361328
1553274576 223.5585479736328
1553274576 240.1334991455078
1553274576 110.76227569580078
1553274576 165.87551879882812
1553274576 397.845458984375
1553274576 320.3425598144531
1553274576 83.78854370117188
1553274576 83.78221893310547
1553274576 83.7691421508789
1553274576 83.72967529296875
1553274576 83.71569061279297
1553274576 83.70772552490234
1553274576 83.68933868408203
1553274576 83.63089752197266
1553274576 83.52300262451172
1553274577 83.46700286865234
1553274577 83.44440460205078
1553274577 83.37816619873047
1553274577 83.2308349609375
1553274577 83.19454193115234
1553274577 83.04002380371094
1553274577 82.96327209472656
1553274577 82.88098907470703
1553274577 82.71675872802734
1553274577 82.63001251220703
1553274577 82.46150970458984
1553274577 82.2841796875
1553274577 82.18900299072266
1553274577 81.96682739257812
1553274577 81.783935546875
1553274577 81.64012908935547
1553274577 81.44409942626953
1553274577 81.21309661865234
1553274577 80.97779846191406
1553274577 80.77032470703125
1553274577 80.52484130859375
1553274577 80.27552795410156
1553274577 80.02545928955078
1553274577 79.77203369140625
1553274577 79.4808349609375
1553274577 79.21607208251953
1553274577 78.95718383789062
1553274578 78.64761352539062
1553274578 78.29378509521484
1553274578 77.97813415527344
1553274578 77.69214630126953
1553274578 77.2957534790039
1553274578 76.96593475341797
1553274578 76.62632751464844
1553274578 76.22754669189453
1553274578 75.87554931640625
1553274578 75.46331787109375
1553274578 75.04708099365234
1553274578 74.68831634521484
1553274578 74.21749877929688
1553274578 73.79167175292969
1553274578 73.38368225097656
1553274578 72.9405746459961
1553274578 72.46096801757812
1553274578 71.9671859741211
1553274578 71.479736328125
1553274578 70.9830322265625
1553274578 70.48312377929688
1553274578 69.97991180419922
1553274578 69.46659088134766
1553274578 68.95987701416016
1553274578 68.43607330322266
1553274578 67.8668441772461
1553274578 67.28739929199219
1553274579 66.71649932861328
1553274579 66.13676452636719
1553274579 65.55142974853516
1553274579 64.96080780029297
1553274579 64.35814666748047
1553274579 63.71356964111328
1553274579 63.10635757446289
1553274579 62.46064376831055
1553274579 61.79439926147461
1553274579 61.130245208740234
1553274579 60.46352005004883
1553274579 59.795310974121094
1553274579 59.103973388671875
1553274579 58.429107666015625
1553274579 57.70524215698242
1553274579 56.96327590942383
1553274579 56.219093322753906
1553274579 55.48351287841797
1553274579 54.733787536621094
1553274579 53.9691047668457
1553274579 53.21131134033203
1553274579 52.449119567871094
1553274579 51.617366790771484
1553274579 50.83843994140625
