1553275047 81.28351593017578
1553275047 52.79502487182617
1553275047 129.2029571533203
1553275047 159.43214416503906
1553275047 412.44488525390625
1553275047 83.532470703125
1553275047 83.47727966308594
1553275047 83.44441223144531
1553275047 83.2833251953125
1553275047 83.2729721069336
1553275047 83.26792907714844
1553275047 83.22730255126953
1553275047 83.21327209472656
1553275048 83.20464324951172
1553275048 83.15219116210938
1553275048 83.15119934082031
1553275048 83.15094757080078
1553275048 83.14832305908203
1553275048 83.14112091064453
1553275048 83.13159942626953
1553275048 83.13040161132812
1553275048 83.13037872314453
1553275048 83.13034057617188
1553275048 83.13027954101562
1553275048 83.12796783447266
1553275048 83.1279296875
1553275048 83.12789916992188
1553275048 83.12775421142578
1553275048 83.12775421142578
1553275048 83.12775421142578
1553275048 83.12775421142578
1553275048 83.12774658203125
1553275048 83.12774658203125
1553275048 83.12774658203125
1553275048 83.12774658203125
1553275048 83.12774658203125
1553275049 83.12774658203125
1553275049 83.12773895263672
1553275049 83.12773895263672
1553275049 83.12773895263672
1553275049 83.12773895263672
1553275049 83.12773895263672
1553275049 83.12773895263672
1553275049 83.12773895263672
1553275049 83.12773895263672
1553275049 83.12773895263672
1553275049 83.12773895263672
1553275049 83.12773895263672
1553275049 83.12773895263672
1553275049 83.12773895263672
1553275049 83.12773895263672
1553275049 83.12773895263672
1553275049 83.12773895263672
1553275049 83.12773895263672
1553275049 83.12773895263672
1553275049 83.12773895263672
1553275049 83.12773895263672
1553275049 83.12773895263672
1553275049 83.12773895263672
1553275049 83.12773895263672
1553275049 83.12773895263672
1553275049 83.12773895263672
1553275050 83.12773895263672
1553275050 83.12773895263672
1553275050 83.12773895263672
1553275050 83.12773895263672
1553275050 83.12773895263672
1553275050 83.12773895263672
1553275050 83.12773895263672
1553275050 83.12773895263672
1553275050 83.12773895263672
1553275050 83.12773895263672
1553275050 83.12773895263672
1553275050 83.12773895263672
1553275050 83.12773895263672
1553275050 83.12773895263672
1553275050 83.12773895263672
1553275050 83.12773895263672
1553275050 83.12773895263672
1553275050 83.12773895263672
1553275050 83.12773895263672
1553275050 83.12773895263672
1553275050 83.12773895263672
1553275050 83.12773895263672
1553275050 83.12773895263672
1553275051 83.12773895263672
1553275051 83.12773895263672
1553275051 83.12773895263672
1553275051 83.12773895263672
1553275051 83.12773895263672
1553275051 83.12773895263672
1553275051 83.12773895263672
1553275051 83.12773895263672
1553275051 83.12773895263672
1553275051 83.12773895263672
1553275051 83.12773895263672
1553275051 83.12773895263672
1553275051 83.12773895263672
1553275051 83.12773895263672
1553275051 83.12773895263672
