1553275106 82.20310974121094
1553275106 46.892086029052734
1553275106 83.4435806274414
1553275106 83.39110565185547
1553275106 83.23098754882812
1553275106 83.14092254638672
1553275106 82.94337463378906
1553275106 82.69315338134766
1553275106 82.38108825683594
1553275106 81.98029327392578
1553275106 81.63042449951172
1553275106 81.1903076171875
1553275106 81.1300277709961
1553275106 81.03443908691406
1553275106 80.97689056396484
1553275106 80.95360565185547
1553275106 80.879638671875
1553275106 80.77134704589844
1553275106 80.7112808227539
1553275106 80.63947296142578
1553275106 80.5212173461914
1553275106 80.4817123413086
1553275107 80.4805679321289
1553275107 80.47764587402344
1553275107 80.46717071533203
1553275107 80.46585083007812
1553275107 80.46172332763672
1553275107 80.46109771728516
1553275107 80.45747375488281
1553275107 80.44395446777344
1553275107 80.44393157958984
1553275107 80.4438705444336
1553275107 80.4437026977539
1553275107 80.44365692138672
1553275107 80.44287109375
1553275107 80.44284057617188
1553275107 80.44277954101562
1553275107 80.44261169433594
1553275107 80.44251251220703
1553275107 80.44251251220703
1553275107 80.4425048828125
1553275107 80.4425048828125
1553275107 80.4425048828125
1553275107 80.44013214111328
1553275107 80.44013214111328
1553275107 80.44013214111328
1553275108 80.44012451171875
1553275108 80.44011688232422
1553275108 80.44011688232422
1553275108 80.44011688232422
1553275108 80.44011688232422
1553275108 80.44011688232422
1553275108 80.44011688232422
1553275108 80.44011688232422
1553275108 80.44011688232422
1553275108 80.44010925292969
1553275108 80.44010925292969
1553275108 80.44010925292969
1553275108 80.44010925292969
1553275108 80.44010925292969
1553275108 80.44010925292969
1553275108 80.44010925292969
1553275108 80.44010925292969
1553275108 80.44010925292969
1553275108 80.44010925292969
1553275108 80.44010925292969
1553275108 80.44010925292969
1553275108 80.44010925292969
1553275108 80.44010925292969
1553275108 80.44010925292969
1553275108 80.44010925292969
1553275108 80.44010925292969
1553275109 80.44010925292969
1553275109 80.44010925292969
1553275109 80.44010925292969
1553275109 80.44010925292969
1553275109 80.44010925292969
1553275109 80.44010925292969
1553275109 80.44010925292969
1553275109 80.44010925292969
1553275109 80.44010925292969
1553275109 80.44010925292969
1553275109 80.44010925292969
1553275109 80.44010925292969
1553275109 80.44010925292969
1553275109 80.44010925292969
1553275109 80.44010925292969
1553275109 80.44010925292969
1553275109 80.44010925292969
1553275109 80.44010925292969
1553275109 80.44010925292969
1553275109 80.44010925292969
1553275109 80.44010925292969
1553275109 80.44010925292969
1553275109 80.44010925292969
1553275109 80.44010925292969
1553275109 80.44010925292969
1553275109 80.44010925292969
1553275110 80.44010925292969
1553275110 80.44010925292969
