1505458
1738124
5547326
4351246
3590647
3714710
1079689
2753720
5624950
5016326
5313241
2955001
5611832
5874651
3732041
5085585
4795688
1706523
3767671
1121821
3585992
2561431
2728319
1244152
1496142
1304987
1936014
1887277
2719300
4783550
4687414
1532787
5030325
2344095
5210999
1852444
5231611
3600591
1667476
4987105
1597410
3456269
2784259
3428821
5676951
1532962
4347678
5940028
1439404
4379100
4828549
4909629
1653204
3530006
5749069
1114907
2271360
2466143
1072268
4073809
2815978
3642790
5330494
1004929
5171603
1059989
2613643
5455490
3150260
4524600
2370662
2129400
2233432
5808565
1389426
4306827
3132377
5876766
1941243
1222774
5864151
4566990
5986222
2410830
2571602
3755854
3341165
2196044
3927648
5192119
3823230
5710793
5913826
3917432
3958906
5050951
5252874
1610750
4146356
1906143
