1553267343 88.2598648071289
1553267343 87.73343658447266
1553267343 87.21444702148438
1553267343 86.7188491821289
1553267343 86.22212219238281
1553267343 85.72758483886719
1553267343 85.22310638427734
1553267343 84.72625732421875
1553267343 84.22688293457031
1553267343 83.71656799316406
1553267343 83.2116928100586
1553267343 82.70650482177734
1553267343 82.20307159423828
1553267343 81.69561004638672
1553267343 81.18540954589844
1553267343 80.67181396484375
1553267343 80.16200256347656
1553267344 79.65361022949219
1553267344 79.14631652832031
1553267344 78.62981414794922
1553267344 78.11534118652344
1553267344 77.60845947265625
1553267344 77.09593200683594
1553267344 76.5704574584961
1553267344 76.05601501464844
1553267344 75.54440307617188
1553267344 75.03306579589844
1553267344 74.52362823486328
1553267344 74.0173110961914
1553267344 73.50873565673828
1553267344 72.99407196044922
1553267344 72.4844741821289
1553267344 71.96732330322266
1553267344 71.44158172607422
1553267344 70.91935729980469
1553267344 70.39321899414062
1553267344 69.85861206054688
1553267344 69.30542755126953
1553267344 68.75247955322266
1553267344 68.19047546386719
1553267344 67.61009979248047
1553267344 67.00638580322266
1553267345 66.40519714355469
1553267345 65.7667465209961
1553267345 65.12326049804688
1553267345 64.45182037353516
1553267345 63.74726867675781
1553267345 63.030948638916016
1553267345 62.27989196777344
1553267345 61.50318908691406
1553267345 60.69927978515625
1553267345 59.87126922607422
1553267345 59.012657165527344
1553267345 58.13893127441406
1553267345 57.22482681274414
1553267345 56.30195617675781
1553267345 55.33931350708008
1553267345 54.35459518432617
1553267345 53.344581604003906
1553267345 52.309654235839844
1553267345 51.250579833984375
1553267345 50.160911560058594
1553267345 49.04607009887695
1553267345 47.90762710571289
1553267345 46.73265075683594
1553267345 45.54412841796875
1553267346 44.319923400878906
1553267346 43.07142639160156
1553267346 41.79286575317383
1553267346 40.484107971191406
1553267346 39.161678314208984
1553267346 37.801551818847656
1553267346 36.415199279785156
1553267346 35.00408935546875
1553267346 33.5667610168457
1553267346 32.102684020996094
1553267346 30.619165420532227
1553267346 29.113815307617188
1553267346 27.59000587463379
1553267346 26.050569534301758
1553267346 24.505311965942383
1553267346 22.96419906616211
1553267346 21.431560516357422
1553267346 19.928388595581055
1553267346 18.465595245361328
1553267346 17.060611724853516
1553267346 15.739277839660645
1553267346 14.52190113067627
1553267346 13.43289566040039
1553267346 12.499743461608887
1553267346 11.74087142944336
1553267347 11.183842658996582
1553267347 10.84548568725586
1553267347 10.739039421081543
1553267347 10.880395889282227
1553267347 11.266589164733887
1553267347 11.88082504272461
1553267347 12.707439422607422
1553267347 13.729879379272461
1553267347 14.92572021484375
