1553275083 90.80269622802734
1553275083 12.730871200561523
1553275083 1106.1922607421875
1553275083 83.71592712402344
1553275083 83.69068908691406
1553275083 83.51841735839844
1553275083 83.38072967529297
1553275083 83.14849853515625
1553275083 82.88017272949219
1553275083 82.7892074584961
1553275083 82.76969909667969
1553275083 82.72624206542969
1553275083 82.70767211914062
1553275083 82.65160369873047
1553275083 82.54073333740234
1553275083 82.54027557373047
1553275083 82.5394058227539
1553275083 82.53678131103516
1553275083 82.53309631347656
1553275083 82.52349853515625
1553275083 82.52238464355469
1553275083 82.52006530761719
1553275083 82.52005767822266
1553275084 82.52001190185547
1553275084 82.51998901367188
1553275084 82.51983642578125
1553275084 82.51982116699219
1553275084 82.51982116699219
1553275084 82.51981353759766
1553275084 82.51978302001953
1553275084 82.51978302001953
1553275084 82.519775390625
1553275084 82.519775390625
1553275084 82.519775390625
1553275084 82.519775390625
1553275084 82.519775390625
1553275084 82.519775390625
1553275084 82.519775390625
1553275084 82.519775390625
1553275084 82.519775390625
1553275084 82.519775390625
1553275084 82.519775390625
1553275084 82.519775390625
1553275084 82.519775390625
1553275084 82.519775390625
1553275084 82.519775390625
1553275084 82.519775390625
1553275084 82.519775390625
1553275085 82.519775390625
1553275085 82.519775390625
1553275085 82.519775390625
1553275085 82.519775390625
1553275085 82.519775390625
1553275085 82.519775390625
1553275085 82.519775390625
1553275085 82.519775390625
1553275085 82.519775390625
1553275085 82.519775390625
1553275085 82.519775390625
1553275085 82.519775390625
1553275085 82.519775390625
1553275085 82.519775390625
1553275085 82.519775390625
1553275085 82.519775390625
1553275085 82.519775390625
1553275085 82.519775390625
1553275085 82.519775390625
1553275085 82.519775390625
1553275085 82.519775390625
1553275085 82.519775390625
1553275085 82.519775390625
1553275085 82.519775390625
1553275085 82.519775390625
1553275086 82.519775390625
1553275086 82.519775390625
1553275086 82.519775390625
1553275086 82.519775390625
1553275086 82.519775390625
1553275086 82.519775390625
1553275086 82.519775390625
1553275086 82.519775390625
1553275086 82.519775390625
1553275086 82.519775390625
1553275086 82.519775390625
1553275086 82.519775390625
1553275086 82.519775390625
1553275086 82.519775390625
1553275086 82.519775390625
1553275086 82.519775390625
1553275086 82.519775390625
1553275086 82.519775390625
1553275086 82.519775390625
1553275086 82.519775390625
1553275086 82.519775390625
1553275086 82.519775390625
1553275086 82.519775390625
1553275086 82.519775390625
1553275086 82.519775390625
1553275087 82.519775390625
1553275087 82.519775390625
