1553274433 74.61492919921875
1553274433 74.5367202758789
1553274433 74.4649658203125
1553274433 74.4033432006836
1553274433 74.3262939453125
1553274433 74.26032257080078
1553274433 74.19363403320312
1553274433 74.12254333496094
1553274433 74.04539489746094
1553274433 73.97979736328125
1553274433 73.90111541748047
1553274433 73.82350158691406
1553274433 73.75548553466797
1553274433 73.67214965820312
1553274433 73.59600830078125
1553274433 73.52364349365234
1553274433 73.45108795166016
1553274433 73.35440826416016
1553274433 73.27704620361328
1553274433 73.19816589355469
1553274433 73.10595703125
1553274433 73.02062225341797
1553274433 72.93965148925781
1553274434 72.85189056396484
1553274434 72.76002502441406
1553274434 72.67344665527344
1553274434 72.57428741455078
1553274434 72.49219512939453
1553274434 72.40733337402344
1553274434 72.30181884765625
1553274434 72.21634674072266
1553274434 72.12720489501953
1553274434 72.02128601074219
1553274434 71.93226623535156
1553274434 71.84587860107422
1553274434 71.73397827148438
1553274434 71.64740753173828
1553274434 71.53839111328125
1553274434 71.43716430664062
1553274434 71.3436050415039
1553274434 71.23486328125
1553274434 71.14311981201172
1553274434 71.02894592285156
1553274434 70.93094635009766
1553274434 70.81739044189453
1553274434 70.72225952148438
1553274434 70.62323760986328
1553274434 70.50692749023438
1553274435 70.40972137451172
1553274435 70.29385375976562
1553274435 70.1917724609375
1553274435 70.0779037475586
1553274435 69.97471618652344
1553274435 69.86931610107422
1553274435 69.74714660644531
1553274435 69.64512634277344
1553274435 69.53119659423828
1553274435 69.42306518554688
1553274435 69.3047866821289
1553274435 69.19847869873047
1553274435 69.0787353515625
1553274435 68.96629333496094
1553274435 68.85912322998047
1553274435 68.73705291748047
1553274435 68.62965393066406
1553274435 68.50428771972656
1553274435 68.39689636230469
1553274435 68.2715072631836
1553274435 68.15709686279297
1553274435 68.03250885009766
1553274435 67.92147064208984
1553274435 67.80256652832031
1553274436 67.68101501464844
1553274436 67.56398010253906
1553274436 67.44481658935547
1553274436 67.32123565673828
1553274436 67.20794677734375
1553274436 67.07445526123047
1553274436 66.95631408691406
1553274436 66.83979034423828
1553274436 66.71300506591797
1553274436 66.59651184082031
1553274436 66.4676284790039
1553274436 66.3447036743164
1553274436 66.21539306640625
1553274436 66.095703125
1553274436 65.9679183959961
1553274436 65.84715270996094
1553274436 65.71934509277344
1553274436 65.59519958496094
1553274436 65.46568298339844
1553274436 65.34085083007812
1553274436 65.20987701416016
1553274436 65.07757568359375
1553274436 64.95150756835938
1553274436 64.8136215209961
1553274436 64.69015502929688
1553274437 64.56211853027344
1553274437 64.43518829345703
1553274437 64.30188751220703
